1 1298
2 1185
3 2610
4 1687
5 1301
6 1325
7 1456
8 1502
9 1576
10 1620
11 2215
12 1817
13 1868
14 1915
15 1986
16 4376
17 2460
18 1553
19 1360
20 1418
21 1535
22 1578
23 1690
24 1735
25 0869
26 0975
27 1069
28 1228
29 1156
30 1302
31 1292
32 1479
33 1425
34 1496
35 1589
36 1639
37 2225
38 1886
39 1880
40 1941
41 2536
42 1659
43 2138
44 1779
45 1379
46 1278
47 1319
48 1017
49 1479
50 1174
51 1699
52 1749
53 0921
54 1015
55 1063
56 1158
57 1204
58 1209
59 1331
60 1363
61 1482
62 1615
63 1623
64 1641
65 1804
66 1818
67 1470
68 1998
69 1154
70 1672
71 1236
72 1855
73 1434
74 1522
75 1510
76 1105
77 1700
78 1254
79 0932
80 2022
81 1008
82 1105
83 1151
84 1292
85 1756
86 1335
87 1932
88 1517
89 2092
90 1683
91 1757
92 0947
93 1833
94 1877
95 1968
96 2054
97 2108
98 1237
99 1295
100 1409
101 1481
102 1492
103 1608
104 1634
105 1228
106 0892
107 1943
108 0966
109 1191
110 1194
111 1210
112 1247
113 1286
114 1474
115 1499
116 1560
117 0994
118 1736
119 1786
120 1890
121 2415
122 1984
123 2107
124 1197
125 1229
126 1338
127 1097
128 1510
129 1579
130 1652
131 1695
132 1735
133 0932
134 0981
135 1025
136 1130
137 1174
138 1169
139 1295
140 1323
141 1417
142 1479
143 1655
144 1664
145 1753
146 2332
147 1916
148 1980
149 2023
150 2197
151 1715
152 1314
153 1366
154 1439
155 1509
156 1599
157 1659
158 1728
159 0863
160 1392
161 1089
162 1979
163 1233
164 1661
165 1289
166 1248
167 1379
168 1426
169 1515
170 1569
171 1688
172 1716
173 1784
174 1801
175 1843
176 2147
177 2021
178 2082
179 2290
180 1414
181 1401
182 1425
183 1498
184 1562
185 1658
186 1704
187 0856
188 0988
189 1092
190 1141
191 1205
192 1689
193 1666
194 1378
195 1400
196 1476
197 1513
198 1655
199 1707
200 2355
201 1429
202 1974
203 1185
204 1157
205 2650
206 1771
207 1308
208 1340
209 1369
210 1481
211 1570
212 1621
213 0816
214 0916
215 2394
216 1040
217 1143
218 1193
219 1258
220 1252
221 1345
222 1373
223 1409
224 1507
225 1611
226 1700
227 1734
228 1956
229 1918
230 1980
231 2059
232 2175
233 1256
234 4632
235 2715
236 1280
237 1548
238 1655
239 1718
240 1827
241 1823
242 1458
243 2520
244 1143
245 2656
246 1811
247 1344
248 1406
249 1439
250 1526
251 1615
252 1696
253 0844
254 0913
255 1915
256 0791
257 1006
258 1434
259 1115
260 1997
261 1184
262 1208
263 1310
264 1355
265 1418
266 2054
267 1632
268 1700
269 2279
270 1416
271 1959
272 1111
273 1602
274 2111
275 1248
276 1279
277 1356
278 1397
279 1457
280 0866
281 1619
282 1700
283 0864
284 2336
285 1173
286 1110
287 1154
288 1217
289 1208
290 1285
291 1373
292 1509
293 1545
294 1601
295 1247
296 1781
297 1841
298 1882
299 1965
300 1613
301 2081
302 1755
303 1311
304 1876
305 1497
306 1599
307 1596
308 1637
309 1762
310 0912
311 0978
312 1048
313 1155
314 1190
315 1266
316 1212
317 1279
318 1381
319 1462
320 1593
321 1561
322 1643
323 1761
324 1864
325 1848
326 1953
327 1973
328 1614
329 2128
330 1308
331 1309
332 1554
333 1877
334 1514
335 1527
336 1612
337 1693
338 0877
339 0928
340 1447
341 1043
342 2066
343 1265
344 1221
345 1253
346 1355
347 1421
348 1460
349 1577
350 1695
351 2260
352 1823
353 1816
354 2005
355 2106
356 2095
357 2133
358 1255
359 1823
360 2300
361 1407
362 1466
363 1539
364 1588
365 1663
366 1732
367 1835
368 0995
369 0990
370 1076
371 1553
372 1227
373 1314
374 1293
375 1354
376 1357
377 1416
378 1949
379 1609
380 1727
381 0901
382 2353
383 1530
384 2019
385 1164
386 1672
387 1269
388 1290
389 1424
390 1446
391 1609
392 1635
393 1700
394 1181
395 0954
396 1029
397 1096
398 1173
399 1267
400 1251
401 1349
402 1400
403 1472
404 1526
405 1640
406 1740
407 1796
408 2069
409 1919
410 2025
411 2123
412 2187
413 1256
414 1323
415 1410
416 1477
417 1583
418 1583
419 1657
420 0824
421 0868
422 2419
423 1456
424 1077
425 2094
426 1240
427 1250
428 1298
429 1463
430 1475
431 1567
432 1653
433 1726
434 1780
435 1840
436 1935
437 2016
438 2059
439 2153
440 2139
441 1233
442 1873
443 1460
444 1498
445 1454
446 1523
447 1549
448 1660
449 1647
450 1232
451 0860
452 4158
453 2223
454 1245
455 2548
456 1661
457 1232
458 1309
459 1341
460 1370
461 1484
462 1564
463 1567
464 1683
465 1720
466 0847
467 0956
468 1943
469 1038
470 1221
471 1279
472 1310
473 1315
474 1899
475 1477
476 1710
477 1697
478 1717
479 2321
480 1901
481 2038
482 2080
483 2209
484 1179
485 1808
486 1469
487 1469
488 1554
489 1702
490 0825
491 0892
492 2380
493 1037
494 1536
495 1187
496 1408
497 1265
498 1851
499 1455
500 1525
501 2078
502 1681
503 1789
504 1801
505 0975
506 1527
507 2114
508 2647
509 1526
510 1290
511 1905
512 1463
513 1590
514 1887
515 1778
516 0863
517 0970
518 1040
519 1130
520 1624
521 1289
522 1323
523 1260
524 1865
525 1409
526 1513
527 1592
528 1633
529 1687
530 1751
531 1381
532 1956
533 2027
534 2060
535 2019
536 2113
537 2224
538 1328
539 1359
540 1454
541 1550
542 1547
543 1668
544 1702
545 0837
546 0917
547 1872
548 1105
549 1144
550 1187
551 1329
552 1306
553 1288
554 1367
555 1457
556 1621
557 1609
558 1252
559 1813
560 1850
561 1982
562 2023
563 2595
564 1703
565 2155
566 1279
567 1431
568 1434
569 1503
570 1594
571 1595
572 1690
573 0822
574 0919
575 1877
576 1032
577 1280
578 1168
579 1278
580 1227
581 1268
582 1904
583 1406
584 2032
585 1522
586 1572
587 1608
588 1714
589 1765
590 1389
591 2102
592 1046
593 1149
594 2169
595 1289
596 1378
597 1483
598 1541
599 1566
600 1676
601 0854
602 0965
603 1914
604 1078
605 1202
606 1217
607 1248
608 1274
609 1368
610 1449
611 1456
612 1556
613 1610
614 1711
615 1759
616 2396
617 1926
618 2544
619 2128
620 1208
621 1807
622 1330
623 1611
624 1559
625 1474
626 1552
627 1704
628 1709
629 0925
630 1009
631 1026
632 1105
633 1167
634 1271
635 1233
636 1298
637 1789
638 1475
639 1599
640 1638
641 1674
642 1776
643 2030
644 1894
645 2515
646 1438
647 2001
648 1117
649 1653
650 2159
651 1228
652 1303
653 1409
654 1458
655 1576
656 1672
657 1714
658 0877
659 0921
660 1403
661 1077
662 1990
663 1154
664 1353
665 1255
666 1876
667 1409
668 1454
669 1004
670 3966
671 2050
672 1805
673 1868
674 1967
675 1977
676 1351
677 2137
678 1260
679 1308
680 1369
681 1429
682 1533
683 1633
684 1731
685 0859
686 0928
687 0986
688 1055
689 1145
690 1228
691 1216
692 1301
693 1907
694 1483
695 1715
696 1604
697 1724
698 1736
699 0915
700 1885
701 1551
702 2089
703 1339
704 1285
705 1294
706 1386
707 1480
708 1555
709 1611
710 1725
711 0834
712 0971
713 1958
714 1099
715 1250
716 1258
717 1255
718 1305
719 1362
720 1450
721 1566
722 1578
723 1702
724 1709
725 1760
726 1386
727 2428
728 1509
729 2007
730 1201
731 1256
732 1267
733 0959
734 1477
735 1532
736 1643
737 1667
738 1718
739 1326
740 0976
741 1388
742 1145
743 2662
744 1218
745 1225
746 1856
747 1659
748 1521
749 1583
750 1607
751 1740
752 1860
753 2419
754 1546
755 2272
756 1206
757 2214
758 1248
759 1351
760 1441
761 1517
762 1619
763 1672
764 1713
765 1294
766 0982
767 2040
768 1144
769 1318
770 1710
771 1313
772 1430
773 1512
774 1577
775 1538
776 2105
777 1756
778 1802
779 2418
780 1951
781 2028
782 2144
783 2112
784 1718
785 1302
786 1379
787 1451
788 1526
789 1641
790 1709
791 1732
792 0897
793 0948
794 1017
795 1074
796 1581
797 1273
798 2228
799 1490
800 1363
801 1399
802 1970
803 1552
804 1602
805 1699
806 1748
807 1864
808 1947
809 1541
810 2056
811 1668
812 1203
813 1271
814 1653
815 1401
816 2058
817 1631
818 2211
819 0849
820 1763
821 1847
822 1080
823 1172
824 1182
825 1251
826 1247
827 1314
828 1360
829 1390
830 1491
831 1605
832 1659
833 2230
834 1381
835 1878
836 1999
837 2014
838 2055
839 1715
840 1269
841 1326
842 2033
843 1402
844 1474
845 1570
846 1606
847 1743
848 0893
849 0930
850 0988
851 1923
852 1417
853 1210
854 1273
855 2560
856 1220
857 1213
858 1677
859 1343
860 1404
861 1481
862 1601
863 1630
864 1771
865 1769
866 1400
867 1940
868 1585
869 1230
870 1430
871 1332
872 1335
873 1409
874 1515
875 1590
876 1653
877 0824
878 1345
879 1954
880 2032
881 1115
882 1252
883 1231
884 1216
885 1317
886 1323
887 1917
888 3786
889 1852
890 0894
891 1640
892 1709
893 1762
894 1831
895 1990
896 2012
897 2083
898 2746
899 1284
900 1315
901 1424
902 1464
903 1500
904 2124
905 1722
906 1770
907 1907
908 1121
909 1194
910 1161
911 1668
912 1269
913 1327
914 1554
915 1477
916 1523
917 2135
918 1715
919 1794
920 1843
921 1904
922 1988
923 1642
924 1192
925 1283
926 1373
927 1434
928 1531
929 1649
930 1680
931 1768
932 0949
933 0981
934 1080
935 1140
936 1197
937 1713
938 1266
939 1365
940 2013
941 1123
942 1601
943 1643
944 1285
945 1861
946 0988
947 1953
948 2044
949 1213
950 2179
951 1325
952 1772
953 1473
954 1563
955 0883
956 1699
957 0865
958 0945
959 1062
960 1056
961 1197
962 1219
963 1207
964 1337
965 1373
966 1169
967 1603
968 1637
969 1671
970 1761
971 1401
972 1982
973 1179
974 1207
975 1209
976 1839
977 1400
978 1442
979 1550
980 2328
981 1713
982 0883
983 0895
984 1029
985 0981
986 1047
987 1070
988 1202
989 1260
990 1245
991 1346
992 1431
993 1454
994 1539
995 1671
996 1600
997 1228
998 1792
999 1239
1000 1234
1001 1338
1002 1908
1003 1434
1004 1554
1005 1517
1006 2074
1007 1756
1008 1755
1009 2143
1010 1957
1011 1956
1012 2401
1013 2139
1014 1246
1015 1247
1016 1339
1017 1428
1018 1522
1019 1633
1020 1648
1021 1742
1022 1755
1023 0885
1024 1015
1025 1048
1026 1151
1027 1246
1028 1269
1029 1284
1030 1324
1031 1409
1032 1984
1033 1574
1034 1688
1035 2294
1036 1400
1037 1867
1038 1968
1039 2582
1040 2107
1041 1209
1042 1354
1043 1352
1044 1431
1045 1529
1046 1609
1047 1701
1048 1772
1049 0873
1050 0983
1051 1049
1052 1055
1053 1165
1054 1673
1055 1223
1056 1278
1057 1884
1058 1658
1059 1560
1060 1587
1061 2192
1062 1802
1063 1897
1064 1953
1065 1968
1066 1556
1067 2080
1068 1240
1069 1551
1070 1822
1071 1472
1072 1528
1073 1606
1074 1687
1075 1756
1076 0895
1077 0979
1078 1089
1079 1126
1080 1642
1081 1300
1082 1241
1083 1336
1084 1360
1085 1475
1086 1565
1087 1646
1088 1700
1089 1723
1090 2358
1091 1907
1092 1920
1093 1997
1094 2104
1095 2196
1096 1257
1097 1284
1098 1427
1099 1504
1100 1585
1101 1684
1102 1702
1103 0830
1104 0918
1105 1062
1106 3308
1107 1393
1108 2206
1109 1774
1110 1501
1111 1404
1112 1439
1113 1511
1114 1590
1115 1592
1116 2239
1117 1843
1118 1927
1119 1959
1120 2545
1121 1657
1122 2185
1123 1287
1124 1398
1125 1530
1126 1536
1127 1638
1128 1685
1129 1260
1130 0902
1131 1850
1132 1454
1133 1209
1134 2120
1135 1247
1136 1450
1137 1355
1138 1396
1139 1472
1140 1577
1141 1667
1142 1716
1143 1789
1144 2361
1145 1937
1146 2537
1147 2071
1148 2173
1149 1233
1150 1334
1151 1913
1152 1505
1153 1580
1154 0981
1155 1668
1156 1697
1157 0833
1158 1763
1159 1962
1160 0909
1161 1890
1162 1171
1163 1129
1164 1541
1165 1171
1166 2133
1167 1259
1168 1395
1169 1295
1170 1243
1171 1338
1172 1356
1173 1633
1174 1979
1175 1549
1176 1556
1177 1606
1178 1656
1179 2260
1180 1713
1181 1706
1182 1818
1183 1873
1184 1888
1185 1921
1186 1936
1187 2002
1188 1976
1189 1502
1190 1961
1191 1536
1192 2594
1193 1237
1194 2663
1195 1259
1196 1340
1197 1387
1198 1614
1199 1585
1200 1552
1201 1578
1202 1643
1203 1825
1204 0934
1205 0919
1206 0987
1207 1078
1208 1082
1209 1209
1210 1284
1211 1773
1212 1342
1213 1565
1214 1485
1215 2040
1216 1559
1217 1749
1218 1717
1219 1817
1220 2412
1221 1543
1222 2043
1223 1242
1224 1248
1225 1306
1226 1424
1227 1426
1228 1554
1229 1637
1230 1675
1231 0864
1232 0934
1233 0945
1234 1313
1235 1057
1236 1179
1237 1259
1238 1750
1239 1291
1240 1291
1241 1351
1242 1413
1243 1483
1244 1553
1245 2176
1246 1726
1247 1787
1248 1876
1249 1957
1250 2356
1251 2013
1252 2113
1253 2143
1254 2427
1255 1252
1256 1342
1257 1404
1258 1065
1259 1493
1260 1606
1261 1649
1262 1718
1263 0837
1264 0927
1265 1944
1266 1162
1267 1272
1268 1280
1269 1441
1270 1335
1271 1392
1272 1511
1273 1578
1274 1597
1275 1610
1276 1608
1277 1231
1278 1349
1279 1923
1280 1086
1281 1236
1282 2100
1283 1737
1284 1410
1285 1312
1286 1399
1287 1406
1288 1475
1289 1187
1290 1157
1291 0881
1292 0947
1293 0996
1294 1509
1295 1247
1296 2237
1297 1236
1298 1319
1299 1481
1300 1433
1301 1509
1302 1602
1303 1729
1304 1315
1305 0917
1306 1375
1307 1964
1308 1146
1309 2160
1310 1232
1311 1308
1312 1400
1313 1492
1314 1597
1315 1593
1316 1681
1317 1019
1318 0966
1319 1033
1320 1065
1321 1121
1322 1226
1323 0846
1324 1700
1325 0848
1326 1979
1327 1543
1328 1601
1329 1742
1330 0859
1331 0951
1332 1019
1333 1526
1334 1270
1335 2156
1336 1230
1337 1806
1338 1363
1339 1501
1340 1577
1341 2187
1342 0872
1343 1786
1344 2394
1345 2518
1346 2049
1347 2166
1348 1263
1349 1315
1350 1501
1351 1483
1352 1542
1353 1686
1354 1748
1355 0852
1356 1315
1357 0940
1358 2463
1359 1552
1360 1189
1361 2220
1362 1269
1363 1369
1364 1498
1365 1454
1366 2086
1367 1627
1368 1781
1369 1751
1370 1374
1371 1938
1372 1107
1373 1941
1374 1977
1375 2071
1376 1194
1377 1719
1378 1305
1379 1384
1380 1435
1381 1576
1382 1554
1383 1574
1384 1683
1385 0859
1386 0914
1387 1059
1388 1088
1389 1567
1390 1266
1391 1754
1392 1342
1393 1448
1394 1458
1395 2053
1396 1623
1397 1756
1398 1825
1399 1875
1400 1972
1401 1328
1402 2138
1403 1196
1404 1290
1405 1345
1406 1622
1407 1466
1408 1156
1409 2178
1410 0827
1411 1811
1412 0984
1413 1096
1414 1117
1415 1327
1416 1713
1417 1315
1418 1352
1419 1402
1420 2004
1421 0870
1422 1604
1423 1722
1424 2310
1425 1838
1426 1950
1427 1999
1428 2063
1429 2102
1430 1325
1431 1274
1432 1350
1433 1454
1434 1514
1435 1036
1436 1611
1437 1196
1438 0882
1439 1986
1440 1000
1441 1137
1442 1181
1443 1250
1444 1193
1445 1283
1446 1383
1447 1493
1448 1573
1449 1635
1450 1739
1451 1918
1452 1920
1453 1924
1454 1987
1455 1988
1456 2126
1457 2181
1458 2700
1459 1273
1460 1343
1461 1406
1462 1472
1463 1505
1464 1602
1465 1682
1466 0936
1467 1823
1468 0959
1469 1102
1470 1094
1471 1188
1472 1308
1473 1222
1474 1341
1475 1418
1476 1429
1477 2039
1478 1626
1479 1735
1480 2301
1481 0983
1482 1956
1483 2619
1484 2075
1485 2076
1486 1199
1487 1285
1488 1314
1489 1398
1490 1435
1491 1548
1492 1591
1493 1637
1494 1727
1495 0831
1496 0919
1497 1975
1498 1090
1499 1241
1500 1260
1501 1244
1502 1788
1503 1352
1504 1390
1505 1494
1506 1575
1507 1715
1508 1752
1509 1824
1510 2098
1511 1962
1512 2586
1513 2081
1514 1694
1515 1284
1516 1355
1517 1402
1518 1412
1519 1557
1520 1612
1521 1714
1522 1730
1523 0884
1524 0961
1525 1059
1526 1151
1527 1198
1528 1735
1529 1292
1530 1392
1531 1477
1532 1531
1533 1634
1534 1818
1535 1842
1536 1847
1537 1351
1538 2093
1539 1281
1540 1257
1541 3641
1542 1725
1543 0832
1544 2093
1545 1659
1546 1805
1547 1846
1548 1936
1549 2513
1550 2025
1551 2119
1552 1744
1553 1343
1554 1830
1555 1471
1556 1597
1557 1639
1558 1590
1559 1620
1560 1713
1561 0824
1562 1364
1563 1921
1564 2005
1565 1414
1566 1454
1567 1261
1568 1341
1569 1426
1570 1480
1571 1620
1572 1692
1573 1749
1574 1832
1575 1897
1576 2183
1577 2056
1578 2686
1579 1220
1580 1802
1581 1376
1582 1965
1583 1499
1584 1197
1585 1692
1586 0840
1587 0924
1588 1004
1589 1476
1590 1190
1591 2497
1592 1477
1593 1402
1594 1807
1595 1431
1596 1437
1597 1513
1598 1619
1599 1671
1600 0854
1601 1848
1602 1892
1603 1948
1604 1574
1605 2121
1606 1283
1607 1304
1608 1358
1609 1490
1610 1533
1611 1664
1612 1656
1613 1240
1614 0925
1615 1946
1616 1162
1617 1529
1618 1257
1619 2326
1620 1330
1621 1307
1622 1409
1623 1496
1624 1577
1625 1649
1626 1698
1627 2290
1628 1407
1629 1900
1630 1229
1631 2066
1632 1293
1633 1402
1634 1331
1635 1439
1636 1519
1637 1640
1638 1698
1639 1759
1640 0846
1641 0950
1642 1042
1643 1089
1644 1588
1645 1249
1646 2231
1647 1269
1648 1319
1649 1938
1650 1490
1651 1556
1652 1642
1653 2218
1654 0894
1655 1882
1656 1966
1657 1990
1658 2105
1659 1607
1660 1299
1661 1408
1662 1999
1663 1616
1664 2164
1665 0896
1666 1749
1667 1860
1668 1007
1669 1102
1670 1151
1671 1282
1672 1335
1673 1264
1674 1351
1675 1415
1676 1366
1677 1385
1678 1990
1679 1550
1680 1764
1681 1663
1682 1665
1683 1744
1684 1811
1685 1431
1686 1960
1687 1140
1688 2162
1689 1236
1690 1279
1691 1949
1692 1471
1693 1503
1694 1584
1695 1671
1696 1704
1697 0932
1698 1015
1699 1100
1700 1254
1701 1192
1702 1275
1703 1228
1704 1316
1705 1450
1706 1511
1707 1553
1708 1621
1709 2184
1710 1779
1711 1871
1712 1911
1713 1551
1714 2059
1715 1531
1716 2082
1717 1260
1718 1254
1719 1905
1720 1477
1721 1564
1722 1590
1723 1693
1724 0866
1725 0941
1726 0963
1727 1103
1728 1156
1729 1231
1730 1211
1731 1270
1732 1497
1733 1428
1734 1513
1735 1631
1736 2191
1737 1722
1738 1308
1739 1948
1740 1088
1741 1167
1742 2110
1743 1232
1744 1356
1745 1487
1746 1498
1747 1591
1748 1650
1749 1248
1750 0910
1751 1910
1752 1042
1753 1223
1754 1229
1755 1215
1756 1314
1757 1360
1758 1483
1759 3850
1760 1931
1761 1701
1762 1758
1763 2284
1764 1769
1765 2156
1766 1808
1767 1722
1768 1837
1769 1909
1770 1955
1771 2065
1772 2118
1773 2153
1774 1255
1775 1388
1776 1414
1777 1520
1778 1532
1779 1587
1780 1692
1781 1682
1782 0843
1783 1361
1784 1382
1785 2088
1786 2091
1787 1261
1788 1348
1789 1408
1790 1413
1791 1463
1792 1516
1793 2102
1794 1204
1795 1753
1796 2324
1797 1880
1798 1981
1799 1356
1800 2157
1801 1236
1802 1323
1803 1370
1804 1503
1805 1561
1806 1671
1807 1704
1808 1807
1809 0967
1810 1086
1811 1085
1812 1158
1813 1290
1814 1241
1815 1308
1816 1366
1817 1076
1818 1533
1819 1620
1820 1727
1821 1850
1822 1849
1823 2439
1824 1985
1825 2067
1826 1255
1827 1281
1828 0945
1829 1319
1830 1435
1831 1521
1832 1631
1833 1607
1834 1692
1835 1309
1836 1117
1837 1968
1838 1130
1839 1582
1840 1271
1841 1221
1842 1854
1843 1454
1844 1511
1845 1543
1846 1582
1847 2195
1848 1784
1849 2178
1850 1946
1851 1985
1852 1633
1853 2143
1854 1788
1855 1340
1856 1497
1857 1524
1858 1611
1859 1683
1860 0853
1861 1341
1862 1485
1863 1568
1864 1651
1865 1750
1866 0900
1867 0922
1868 1003
1869 1121
1870 1157
1871 1222
1872 1286
1873 1333
1874 1371
1875 1450
1876 1568
1877 1629
1878 1722
1879 1947
1880 1816
1881 1927
1882 1999
1883 2642
1884 2115
1885 2213
1886 1279
1887 1357
1888 1396
1889 1493
1890 1618
1891 1640
1892 1241
1893 0893
1894 2329
1895 1319
1896 1120
1897 1165
1898 1219
1899 1777
1900 1375
1901 1978
1902 1522
1903 1637
1904 1821
1905 1790
1906 1415
1907 1065
1908 1050
1909 2093
1910 1196
1911 1276
1912 1803
1913 1373
1914 1423
1915 1569
1916 1650
1917 1691
1918 1320
1919 0959
1920 2002
1921 1137
1922 1264
1923 1241
1924 1305
1925 1325
1926 1376
1927 1969
1928 1547
1929 1601
1930 1830
1931 0857
1932 1816
1933 1424
1934 1975
1935 1093
1936 1190
1937 2652
1938 1762
1939 1300
1940 1404
1941 1463
1942 1525
1943 1560
1944 1644
1945 1715
1946 0848
1947 1894
1948 1046
1949 1151
1950 1161
1951 1298
1952 1298
1953 1314
1954 1917
1955 1452
1956 1769
1957 1687
1958 1763
1959 2315
1960 1383
1961 1915
1962 2075
1963 2035
1964 1697
1965 1270
1966 1356
1967 1424
1968 1478
1969 1577
1970 1693
1971 1744
1972 0903
1973 1029
1974 0983
1975 1099
1976 1180
1977 3522
1978 1584
1979 1748
1980 1379
1981 1980
1982 1494
1983 1625
1984 1695
1985 0865
1986 1333
1987 2408
1988 1863
1989 1205
1990 1167
1991 1210
1992 1289
1993 1329
1994 1888
1995 1483
1996 1563
1997 1660
1998 1680
1999 1750
2000 1814
2001 1929
2002 1960
2003 2535
2004 2039
2005 2450
2006 1240
2007 1369
2008 1383
2009 1475
2010 1586
2011 1610
2012 1688
2013 0889
2014 0966
2015 1065
2016 1444
2017 1241
2018 2187
2019 1237
2020 1390
2021 1954
2022 1089
2023 1610
2024 1661
2025 1756
2026 1845
2027 1857
2028 2249
2029 2081
2030 2175
2031 1272
2032 1561
2033 1635
2034 1514
2035 1551
2036 1615
2037 1804
2038 0858
2039 2044
2040 0909
2041 1864
2042 1056
2043 1206
2044 1187
2045 1182
2046 1230
2047 1391
2048 1994
2049 1540
2050 1643
2051 1730
2052 1741
2053 2364
2054 1949
2055 1992
2056 2051
2057 2128
2058 2153
2059 1270
2060 1368
2061 1414
2062 1520
2063 1615
2064 1673
2065 1764
2066 0866
2067 0958
2068 1061
2069 1545
2070 1242
2071 2737
2072 1294
2073 1583
2074 1498
2075 1530
2076 1531
2077 2150
2078 1736
2079 1815
2080 2351
2081 1966
2082 2061
2083 2055
2084 2072
2085 2164
2086 1382
2087 1324
2088 1385
2089 1447
2090 1121
2091 1628
2092 1710
2093 0839
2094 0882
2095 2056
2096 1074
2097 1126
2098 1214
2099 1263
2100 1286
2101 1364
2102 1883
2103 1635
2104 1584
2105 1972
2106 1780
2107 1870
2108 0948
2109 2014
2110 2061
2111 2141
2112 1216
2113 1288
2114 1389
2115 1465
2116 1547
2117 0935
2118 1734
2119 0906
2120 0962
2121 0962
2122 1093
2123 1137
2124 1230
2125 1720
2126 1318
2127 1408
2128 1513
2129 1496
2130 2085
2131 1648
2132 1761
2133 1863
2134 1877
2135 1977
2136 2558
2137 1290
2138 1264
2139 1299
2140 1374
2141 1468
2142 1519
2143 1640
2144 1642
2145 1792
2146 0915
2147 0989
2148 1114
2149 1171
2150 1240
2151 1291
2152 1296
2153 1321
2154 1452
2155 1510
2156 1585
2157 1637
2158 1721
2159 1352
2160 1974
2161 2328
2162 2358
2163 2018
2164 1643
2165 1218
2166 1322
2167 1326
2168 1394
2169 1103
2170 1520
2171 1573
2172 1669
2173 1721
2174 1289
2175 0980
2176 1942
2177 1071
2178 1239
2179 1213
2180 1241
2181 1338
2182 1378
2183 1956
2184 1525
2185 1567
2186 1689
2187 1630
2188 1222
2189 1796
2190 1825
2191 1869
2192 1984
2193 2017
2194 1672
2195 3529
2196 1609
2197 1369
2198 1464
2199 1762
2200 1556
2201 1681
2202 0820
2203 0939
2204 1854
2205 1471
2206 1233
2207 2165
2208 1238
2209 1292
2210 1413
2211 1604
2212 1531
2213 1551
2214 2060
2215 1754
2216 1392
2217 1976
2218 1167
2219 1700
2220 2173
2221 1252
2222 1761
2223 0846
2224 1437
2225 1483
2226 1577
2227 1616
2228 1709
2229 1780
2230 0901
2231 1003
2232 1008
2233 1078
2234 1169
2235 1677
2236 1223
2237 1810
2238 1494
2239 1446
2240 1528
2241 1581
2242 1653
2243 0866
2244 1852
2245 1913
2246 2015
2247 2066
2248 2144
2249 1279
2250 1332
2251 1619
2252 1503
2253 1577
2254 1582
2255 1646
2256 1725
2257 0916
2258 0978
2259 1061
2260 1141
2261 1647
2262 1322
2263 1443
2264 1384
2265 1900
2266 1482
2267 1540
2268 1622
2269 2201
2270 1775
2271 1864
2272 1501
2273 1991
2274 1210
2275 2708
2276 1317
2277 1429
2278 1445
2279 1538
2280 1603
2281 1699
2282 0877
2283 0928
2284 0979
2285 1039
2286 1166
2287 1230
2288 1701
2289 1313
2290 1350
2291 1496
2292 1571
2293 1578
2294 2193
2295 1795
2296 1964
2297 1940
2298 1953
2299 2000
2300 2458
2301 2179
2302 2745
2303 1538
2304 1372
2305 1450
2306 1498
2307 1588
2308 1682
2309 1728
2310 0869
2311 1274
2312 0959
2313 2129
2314 0876
2315 0981
2316 1406
2317 1033
2318 2066
2319 1266
2320 1371
2321 1307
2322 1410
2323 1473
2324 1540
2325 1591
2326 1667
2327 1315
2328 2385
2329 1503
2330 2010
2331 1203
2332 2712
2333 1267
2334 1359
2335 1403
2336 1435
2337 1493
2338 1596
2339 1721
2340 0887
2341 0919
2342 1029
2343 1369
2344 1130
2345 2142
2346 1278
2347 1297
2348 1876
2349 1453
2350 1501
2351 1580
2352 1663
2353 1720
2354 2303
2355 1862
2356 1970
2357 2054
2358 2139
2359 1717
2360 1262
2361 1849
2362 1359
2363 1494
2364 1568
2365 1670
2366 1753
2367 0870
2368 0945
2369 1935
2370 1049
2371 1160
2372 1174
2373 1692
2374 1262
2375 1340
2376 1423
2377 1520
2378 1455
2379 1988
2380 1606
2381 2191
2382 1752
2383 1904
2384 1919
2385 1549
2386 2027
2387 1311
2388 1267
2389 1302
2390 1371
2391 1477
2392 1576
2393 1556
2394 1610
2395 1698
2396 0862
2397 0891
2398 1063
2399 1179
2400 1165
2401 1190
2402 1344
2403 1759
2404 1362
2405 1427
2406 1502
2407 1542
2408 1581
2409 1678
2410 1818
2411 1815
2412 5294
2413 3379
2414 1460
2415 2217
2416 1265
2417 1387
2418 1469
2419 1549
2420 1665
2421 1695
2422 1191
2423 0953
2424 1062
2425 1132
2426 1138
2427 1212
2428 1573
2429 1327
2430 1411
2431 1418
2432 1552
2433 1666
2434 1705
2435 1830
2436 2387
2437 2401
2438 1351
2439 2471
2440 1223
2441 1358
2442 1920
2443 1488
2444 1521
2445 1585
2446 1693
2447 1785
2448 1797
2449 1831
2450 1920
2451 2037
2452 2203
2453 1210
2454 1301
2455 1312
2456 1419
2457 1529
2458 1783
2459 1629
2460 1681
2461 0882
2462 0900
2463 0942
2464 0990
2465 0985
2466 1087
2467 1115
2468 1180
2469 1255
2470 1277
2471 1351
2472 1439
2473 1415
2474 1460
2475 1514
2476 1553
2477 1603
2478 1354
2479 2215
2480 1794
2481 1822
2482 1827
2483 1921
2484 1982
2485 1999
2486 2610
2487 2173
2488 1310
2489 1377
2490 1392
2491 1517
2492 1573
2493 1613
2494 1730
2495 0800
2496 0940
2497 1948
2498 1060
2499 1244
2500 1195
2501 1704
2502 1237
2503 1258
2504 1885
2505 1418
2506 1544
2507 1594
2508 1604
2509 1683
2510 1741
2511 2345
2512 2411
2513 1946
2514 2557
2515 2059
2516 2118
2517 2195
2518 1240
2519 1334
2520 1473
2521 1561
2522 1590
2523 1661
2524 1711
2525 1781
2526 0926
2527 0942
2528 1058
2529 1195
2530 1255
2531 1258
2532 1276
2533 1360
2534 1495
2535 2047
2536 1664
2537 1693
2538 1791
2539 2376
2540 1496
2541 2010
2542 1167
2543 2203
2544 1303
2545 1357
2546 1435
2547 1471
2548 1623
2549 1726
2550 0864
2551 0871
2552 0943
2553 1042
2554 1090
2555 1159
2556 1202
2557 1284
2558 1303
2559 1370
2560 1424
2561 1474
2562 1528
2563 1611
2564 1706
2565 1771
2566 1902
2567 2481
2568 1596
2569 2155
2570 1214
2571 1309
2572 1390
2573 1447
2574 1557
2575 1623
2576 1688
2577 0877
2578 0932
2579 0960
2580 1082
2581 1566
2582 1172
2583 2184
2584 1796
2585 1388
2586 1452
2587 1541
2588 1566
2589 2067
2590 1760
2591 1768
2592 1834
2593 1941
2594 2022
2595 2112
2596 2706
2597 1292
2598 1353
2599 1443
2600 1487
2601 1577
2602 1660
2603 1184
2604 0889
2605 0945
2606 1025
2607 1092
2608 1124
2609 1225
2610 1255
2611 1289
2612 1884
2613 1490
2614 1521
2615 1559
2616 1667
2617 1755
2618 1822
2619 1341
2620 2009
2621 1168
2622 1683
2623 2187
2624 1245
2625 1379
2626 1445
2627 1559
2628 1611
2629 1712
2630 4157
2631 2193
2632 1232
2633 1871
2634 1041
2635 2073
2636 2131
2637 1239
2638 1385
2639 1425
2640 1516
2641 1567
2642 1561
2643 1655
2644 1766
2645 0937
2646 0989
2647 1086
2648 1154
2649 1508
2650 1739
2651 1300
2652 1376
2653 1495
2654 1568
2655 1657
2656 1722
2657 0892
2658 1384
2659 1958
2660 1139
2661 2110
2662 1223
2663 1268
2664 1350
2665 1448
2666 1561
2667 1583
2668 1697
2669 0887
2670 1037
2671 0928
2672 0991
2673 1141
2674 1211
2675 1277
2676 1289
2677 1242
2678 1373
2679 1412
2680 1647
2681 1600
2682 1642
2683 2256
2684 1869
2685 1887
2686 1977
2687 2095
2688 2146
2689 1771
2690 1924
2691 1412
2692 1530
2693 1568
2694 1576
2695 1678
2696 0826
2697 0920
2698 1926
2699 1090
2700 1550
2701 1228
2702 2204
2703 1260
2704 1335
2705 1440
2706 1513
2707 1531
2708 1559
2709 1628
2710 2237
2711 1793
2712 1834
2713 1907
2714 2003
2715 2060
2716 2105
2717 1765
2718 1315
2719 1449
2720 1528
2721 1647
2722 1677
2723 0831
2724 1313
2725 1952
2726 2035
2727 1169
2728 1242
2729 1493
2730 1330
2731 1236
2732 1346
2733 1391
2734 1949
2735 1571
2736 1640
2737 1732
2738 1780
2739 1838
2740 1940
2741 1966
2742 1605
2743 2121
2744 1263
2745 1302
2746 1406
2747 1487
2748 1544
2749 1624
2750 1678
2751 1282
2752 0985
2753 1122
2754 1088
2755 1113
2756 1195
2757 1302
2758 1297
2759 1327
2760 1371
2761 1986
2762 1544
2763 1564
2764 2182
2765 1741
2766 1824
2767 1870
2768 1981
2769 2116
2770 2068
2771 2135
2772 1728
2773 1332
2774 1364
2775 1444
2776 1519
2777 1571
2778 1682
2779 1762
2780 0891
2781 1012
2782 1442
2783 1091
2784 2085
2785 1218
2786 1247
2787 1274
2788 1407
2789 1457
2790 2004
2791 1581
2792 2015
2793 1673
2794 1709
2795 1347
2796 1845
2797 1067
2798 2003
2799 2065
2800 1219
2801 2186
2802 1212
2803 1325
2804 1364
2805 1364
2806 1480
2807 1543
2808 1655
2809 1694
2810 1962
2811 0938
2812 1020
2813 1111
2814 1159
2815 1664
2816 1306
2817 1321
2818 1375
2819 1361
2820 1485
2821 1685
2822 2083
2823 1654
2824 2240
2825 1354
2826 1881
2827 1483
2828 1124
2829 1185
2830 2672
2831 1789
2832 1324
2833 1868
2834 1441
2835 2003
2836 1585
2837 1622
2838 1205
2839 0830
2840 1350
2841 0994
2842 1465
2843 1145
2844 2662
2845 1723
2846 1284
2847 1371
2848 1128
2849 1943
2850 1047
2851 2206
2852 0950
2853 1249
2854 0996
2855 1959
2856 1581
2857 1271
2858 2247
2859 1197
2860 1301
2861 1381
2862 1410
2863 2045
2864 1614
2865 1570
2866 2166
2867 1683
2868 2266
2869 1744
2870 1812
2871 1851
2872 1935
2873 1915
2874 2509
2875 1407
2876 2137
2877 1726
2878 1234
2879 1301
2880 1335
2881 1448
2882 1515
2883 1581
2884 1620
2885 1694
2886 1701
2887 0891
2888 0970
2889 0951
2890 1449
2891 1090
2892 2031
2893 1249
2894 1721
2895 1232
2896 1310
2897 1366
2898 1421
2899 1455
2900 1531
2901 2156
2902 1667
2903 1713
2904 1830
2905 2385
2906 1905
2907 1928
2908 1555
2909 2085
2910 2167
2911 1225
2912 1285
2913 1314
2914 1399
2915 1409
2916 2348
2917 1014
2918 1478
2919 2021
2920 1265
2921 2153
2922 2738
2923 1846
2924 1560
2925 1429
2926 1487
2927 1576
2928 1659
2929 1238
2930 0899
2931 2310
2932 1274
2933 1167
2934 1254
2935 1264
2936 1260
2937 1383
2938 1395
2939 1517
2940 1622
2941 1708
2942 2308
2943 1772
2944 1885
2945 2035
2946 2027
2947 2127
2948 1236
2949 1294
2950 1398
2951 1505
2952 1593
2953 1656
2954 0821
2955 0913
2956 1900
2957 1046
2958 1185
2959 1633
2960 1224
2961 1231
2962 1380
2963 1469
2964 1540
2965 1618
2966 1682
2967 2169
2968 1796
2969 1853
2970 1950
2971 2042
2972 2137
2973 1229
2974 1356
2975 1378
2976 1596
2977 1515
2978 1726
2979 0809
2980 0979
2981 1844
2982 1456
2983 1227
2984 2046
2985 1209
2986 1214
2987 1298
2988 1902
2989 1442
2990 1507
2991 1569
2992 1660
2993 1704
2994 1754
2995 1321
2996 1847
2997 1970
2998 1971
2999 2073
3000 1707
3001 1296
3002 1683
3003 1438
3004 1487
3005 1453
3006 1520
3007 1574
3008 1687
3009 0810
3010 0902
3011 2408
3012 1055
3013 1174
3014 1214
3015 1362
3016 1203
3017 1250
3018 1836
3019 1426
3020 1995
3021 1573
3022 1755
3023 1705
3024 0889
3025 2403
3026 1985
3027 1975
3028 1380
3029 1224
3030 1804
3031 1361
3032 1932
3033 1529
3034 2085
3035 0841
3036 1751
3037 1790
3038 1386
3039 1128
3040 1567
3041 1174
3042 2596
3043 1320
3044 1353
3045 1388
3046 1477
3047 1503
3048 1625
3049 1701
3050 1741
3051 1865
3052 2414
3053 1493
3054 2085
3055 1212
3056 1272
3057 1761
3058 1355
3059 1417
3060 1430
3061 1568
3062 1601
3063 1682
3064 1684
3065 4082
3066 2145
3067 1222
3068 1896
3069 1164
3070 1307
3071 1284
3072 1304
3073 1352
3074 1386
3075 1477
3076 1530
3077 1689
3078 1645
3079 1728
3080 1801
3081 1913
3082 1903
3083 1966
3084 1526
3085 2055
3086 1183
3087 1270
3088 2660
3089 1238
3090 1273
3091 1295
3092 1352
3093 1403
3094 1500
3095 1519
3096 1618
3097 1660
3098 1731
3099 0878
3100 1037
3101 0964
3102 1066
3103 1189
3104 1311
3105 1235
3106 1277
3107 1359
3108 1920
3109 1401
3110 1505
3111 1561
3112 1663
3113 0833
3114 1814
3115 1875
3116 2283
3117 2031
3118 2125
3119 1243
3120 1239
3121 1343
3122 1433
3123 1514
3124 1560
3125 1616
3126 1735
3127 0901
3128 0958
3129 0985
3130 1149
3131 1249
3132 1264
3133 1252
3134 1830
3135 1389
3136 1981
3137 1531
3138 1586
3139 1203
3140 1823
3141 1868
3142 2453
3143 1962
3144 2072
3145 2182
3146 1256
3147 1296
3148 1439
3149 1547
3150 1586
3151 1653
3152 1714
3153 0878
3154 1380
3155 1066
3156 2069
3157 1219
3158 1261
3159 1314
3160 1359
3161 1404
3162 1529
3163 1483
3164 1480
3165 1473
3166 1576
3167 1661
3168 1771
3169 1804
3170 1830
3171 2244
3172 1992
3173 2176
3174 2094
3175 1748
3176 1289
3177 1397
3178 1450
3179 1485
3180 1552
3181 1598
3182 1747
3183 0895
3184 0891
3185 0938
3186 1024
3187 1055
3188 1185
3189 1201
3190 1286
3191 1280
3192 1356
3193 1435
3194 1529
3195 1643
3196 1736
3197 1825
3198 1882
3199 1988
3200 1988
3201 1507
3202 2186
3203 1249
3204 1852
3205 1457
3206 1506
3207 1634
3208 1675
3209 0840
3210 0902
3211 1283
3212 1101
3213 2633
3214 1255
3215 1309
3216 1252
3217 1345
3218 1976
3219 1543
3220 1606
3221 1688
3222 1739
3223 1829
3224 0926
3225 1946
3226 1990
3227 2048
3228 2145
3229 2187
3230 1523
3231 1324
3232 1407
3233 1434
3234 1492
3235 1773
3236 1651
3237 1706
3238 0869
3239 0954
3240 1000
3241 1015
3242 1068
3243 1212
3244 1293
3245 1254
3246 1860
3247 1462
3248 1436
3249 1548
3250 1610
3251 1690
3252 1748
3253 2338
3254 1229
3255 2012
3256 2585
3257 2022
3258 1665
3259 1497
3260 1214
3261 2137
3262 1758
3263 1327
3264 1412
3265 1510
3266 1485
3267 1575
3268 1634
3269 1232
3270 0883
3271 1925
3272 1047
3273 1187
3274 1628
3275 1281
3276 1246
3277 1319
3278 1450
3279 2009
3280 1586
3281 1631
3282 5140
3283 3215
3284 1283
3285 0983
3286 2017
3287 1265
3288 1298
3289 2242
3290 1303
3291 1320
3292 1400
3293 1515
3294 1575
3295 1652
3296 1724
3297 1840
3298 1941
3299 1985
3300 2049
3301 2106
3302 1209
3303 1317
3304 1364
3305 1417
3306 0837
3307 1614
3308 1698
3309 0858
3310 1354
3311 0999
3312 1977
3313 1599
3314 1288
3315 1208
3316 1280
3317 1436
3318 1437
3319 1489
3320 1619
3321 1648
3322 2247
3323 1793
3324 1899
3325 2025
3326 2075
3327 2102
3328 2621
3329 1526
3330 1359
3331 1427
3332 1528
3333 1615
3334 1125
3335 1786
3336 0871
3337 0891
3338 1381
3339 1224
3340 2012
3341 1173
3342 1353
3343 1296
3344 1330
3345 1372
3346 1487
3347 1511
3348 1644
3349 2219
3350 1813
3351 1881
3352 1923
3353 2532
3354 2117
3355 2125
3356 1277
3357 1314
3358 1016
3359 1505
3360 1566
3361 1638
3362 1677
3363 1272
3364 0857
3365 1892
3366 1064
3367 1245
3368 1254
3369 1251
3370 1358
3371 1408
3372 1993
3373 1578
3374 1575
3375 1673
3376 1275
3377 1784
3378 0970
3379 1939
3380 1964
3381 1607
3382 2112
3383 1290
3384 1355
3385 1402
3386 1117
3387 1583
3388 1691
3389 1710
3390 0862
3391 1132
3392 0953
3393 1479
3394 1213
3395 2205
3396 1352
3397 1257
3398 1355
3399 1379
3400 1990
3401 1533
3402 1629
3403 1694
3404 1339
3405 1905
3406 1064
3407 1980
3408 1445
3409 2200
3410 1302
3411 1320
3412 1396
3413 1099
3414 1560
3415 1687
3416 0845
3417 1852
3418 1823
3419 0982
3420 1503
3421 1154
3422 2673
3423 1740
3424 1282
3425 1333
3426 1349
3427 1430
3428 1517
3429 1549
3430 1666
3431 1760
3432 1372
3433 1885
3434 1161
3435 2064
3436 2113
3437 1270
3438 1268
3439 1358
3440 1039
3441 1561
3442 1645
3443 0943
3444 1816
3445 0890
3446 0982
3447 1082
3448 1066
3449 1461
3450 1185
3451 2669
3452 1805
3453 1776
3454 1379
3455 1389
3456 1083
3457 1485
3458 1567
3459 1608
3460 1234
3461 1747
3462 1751
3463 1862
3464 1912
3465 1553
3466 2060
3467 1270
3468 1270
3469 1352
3470 1427
3471 1507
3472 1548
3473 1607
3474 1205
3475 0850
3476 1865
3477 1941
3478 1188
3479 1280
3480 1254
3481 1278
3482 1800
3483 1394
3484 1442
3485 1559
3486 1613
3487 1657
3488 1673
3489 1812
3490 1834
3491 2471
3492 1565
3493 2187
3494 1276
3495 1328
3496 1357
3497 1471
3498 1537
3499 1585
3500 4903
3501 2980
3502 1320
3503 1668
3504 1699
3505 0863
3506 1337
3507 0966
3508 2449
3509 1130
3510 1224
3511 1291
3512 1289
3513 1346
3514 1629
3515 1461
3516 1588
3517 1666
3518 1701
3519 1778
3520 1819
3521 1457
3522 1968
3523 1159
3524 2154
3525 1823
3526 1344
3527 1930
3528 1520
3529 1632
3530 1642
3531 1745
3532 0868
3533 0979
3534 1068
3535 1157
3536 1198
3537 1406
3538 1334
3539 1412
3540 1492
3541 1490
3542 1596
3543 1750
3544 1519
3545 1602
3546 1804
3547 1712
3548 1757
3549 1842
3550 2012
3551 1989
3552 2046
3553 1667
3554 1242
3555 1317
3556 1376
3557 1512
3558 1552
3559 1656
3560 1734
3561 0845
3562 0989
3563 1054
3564 1065
3565 1160
3566 1642
3567 1246
3568 1304
3569 1396
3570 1494
3571 1592
3572 1675
3573 1697
3574 1815
3575 2032
3576 1285
3577 1878
3578 1024
3579 1312
3580 2141
3581 1225
3582 1301
3583 1325
3584 1329
3585 1417
3586 1468
3587 1524
3588 1588
3589 1697
3590 0859
3591 0892
3592 0944
3593 1038
3594 1100
3595 1605
3596 1309
3597 1197
3598 1467
3599 1869
3600 1395
3601 1416
3602 1522
3603 1605
3604 1631
3605 1743
3606 1358
3607 2007
3608 1035
3609 2540
3610 1599
3611 2117
3612 1340
3613 1318
3614 1427
3615 1479
3616 1597
3617 1703
3618 1738
3619 1729
3620 0870
3621 0965
3622 1067
3623 1134
3624 1197
3625 1241
3626 1333
3627 1360
3628 1451
3629 1497
3630 1510
3631 1609
3632 2166
3633 1730
3634 1788
3635 1399
3636 1950
3637 1097
3638 2011
3639 2097
3640 1204
3641 1249
3642 1318
3643 1470
3644 1516
3645 1622
3646 1690
3647 1763
3648 0866
3649 0956
3650 1202
3651 1386
3652 1186
3653 1693
3654 1292
3655 1730
3656 1415
3657 1505
3658 2099
3659 1650
3660 1740
3661 1802
3662 1419
3663 1952
3664 1087
3665 2096
3666 2128
3667 1244
3668 1368
3669 1520
3670 1552
3671 1591
3672 1679
3673 1737
3674 0945
3675 0883
3676 1003
3677 1061
3678 1216
3679 1195
3680 1298
3681 1257
3682 1288
3683 1350
3684 1930
3685 1529
3686 1641
3687 1672
3688 1801
3689 1796
3690 1825
3691 1916
3692 2496
3693 1587
3694 2156
3695 1285
3696 1334
3697 1325
3698 1472
3699 1449
3700 1577
3701 1631
3702 1381
3703 0867
3704 1886
3705 1063
3706 1149
3707 1161
3708 1237
3709 1738
3710 1288
3711 1355
3712 1419
3713 2011
3714 1601
3715 1608
3716 1634
3717 1711
3718 4164
3719 2246
3720 1245
3721 2618
3722 2164
3723 1225
3724 1330
3725 1324
3726 1396
3727 1491
3728 2111
3729 1667
3730 1713
3731 1801
3732 1408
3733 1958
3734 1140
3735 2100
3736 2206
3737 1282
3738 1386
3739 1427
3740 1494
3741 1621
3742 1620
3743 0983
3744 0894
3745 1360
3746 1005
3747 1993
3748 1605
3749 1364
3750 1242
3751 1284
3752 1380
3753 1458
3754 1503
3755 1593
3756 1672
3757 1746
3758 2259
3759 1815
3760 1915
3761 2231
3762 2068
3763 2100
3764 1736
3765 1299
3766 1400
3767 1513
3768 1513
3769 1611
3770 0829
3771 0846
3772 2386
3773 1468
3774 1128
3775 2093
3776 1278
3777 1405
3778 1291
3779 1408
3780 1468
3781 1495
3782 1579
3783 1286
3784 1743
3785 2355
3786 2203
3787 1957
3788 2556
3789 2108
3790 2188
3791 1262
3792 1375
3793 1436
3794 1462
3795 1533
3796 1577
3797 1245
3798 0842
3799 0883
3800 1914
3801 1047
3802 1206
3803 1202
3804 1673
3805 1259
3806 1391
3807 1935
3808 1525
3809 1563
3810 1678
3811 1719
3812 1797
3813 1835
3814 1902
3815 2456
3816 1973
3817 2016
3818 2138
3819 1259
3820 1328
3821 1374
3822 1454
3823 1493
3824 1616
3825 1718
3826 0963
3827 0954
3828 1045
3829 1086
3830 1654
3831 1274
3832 1258
3833 1778
3834 1367
3835 1494
3836 2052
3837 1676
3838 1726
3839 1792
3840 1903
3841 1971
3842 1065
3843 2052
3844 2213
3845 1285
3846 1843
3847 1383
3848 1972
3849 1522
3850 1560
3851 1677
3852 1261
3853 1360
3854 1977
3855 2002
3856 1212
3857 1551
3858 1245
3859 1746
3860 1267
3861 1379
3862 1482
3863 1733
3864 1653
3865 1649
3866 1787
3867 1818
3868 1426
3869 1945
3870 1161
3871 2090
3872 1736
3873 1301
3874 1366
3875 1380
3876 1491
3877 1575
3878 1594
3879 0977
3880 0909
3881 0936
3882 1045
3883 1092
3884 1155
3885 1258
3886 1275
3887 1325
3888 1352
3889 2001
3890 1593
3891 1679
3892 1711
3893 0858
3894 1859
3895 1510
3896 2039
3897 1222
3898 1208
3899 1349
3900 1403
3901 1436
3902 1550
3903 1602
3904 1714
3905 0847
3906 1333
3907 0993
3908 2005
3909 1196
3910 1325
3911 1766
3912 1362
3913 1454
3914 1485
3915 1576
3916 1666
3917 1748
3918 1817
3919 2022
3920 1990
3921 2045
3922 1684
3923 1245
3924 1338
3925 1394
3926 1522
3927 1500
3928 1573
3929 1268
3930 1621
3931 1685
3932 0960
3933 0973
3934 1093
3935 1106
3936 4563
3937 2647
3938 1715
3939 0999
3940 1444
3941 1537
3942 2056
3943 1751
3944 2306
3945 0961
3946 1023
3947 1112
3948 1196
3949 1265
3950 1249
3951 1315
3952 1396
3953 1449
3954 1510
3955 1636
3956 1660
3957 1284
3958 1823
3959 0972
3960 1070
3961 2263
3962 2131
3963 1741
3964 1303
3965 1926
3966 1520
3967 1546
3968 1648
3969 1700
3970 0855
3971 0949
3972 1021
3973 1126
3974 1218
3975 1245
3976 1258
3977 1343
3978 1421
3979 1526
3980 1527
3981 1661
3982 0838
3983 1778
3984 1832
3985 1946
3986 2034
3987 2109
3988 2150
3989 1243
3990 1282
3991 1409
3992 1492
3993 1525
3994 1645
3995 1694
3996 0838
3997 0926
3998 1072
3999 1138
4000 1180
4001 1890
4002 1764
4003 1352
4004 1385
4005 1473
4006 1518
4007 1630
4008 1627
4009 1700
4010 2319
4011 1924
4012 2012
4013 2190
4014 2106
4015 1233
4016 1812
4017 1297
4018 1416
4019 1464
4020 1633
4021 1684
4022 0922
4023 0892
4024 1390
4025 1077
4026 2036
4027 1214
4028 1702
4029 1303
4030 1380
4031 1441
4032 1993
4033 1615
4034 1680
4035 1290
4036 1772
4037 0945
4038 1083
4039 1436
4040 2097
4041 1181
4042 1272
4043 1363
4044 1503
4045 1569
4046 1580
4047 1214
4048 0884
4049 0965
4050 1021
4051 1094
4052 1162
4053 1243
4054 1715
4055 1714
4056 1289
4057 1361
4058 1445
4059 1522
4060 1490
4061 1565
4062 1691
4063 1725
4064 1983
4065 2070
4066 1969
4067 1630
4068 2126
4069 1751
4070 1335
4071 1400
4072 1505
4073 1523
4074 1648
4075 1700
4076 0824
4077 0901
4078 1880
4079 1038
4080 1189
4081 1622
4082 1205
4083 1237
4084 1345
4085 1396
4086 1982
4087 1514
4088 1568
4089 1687
4090 1755
4091 2357
4092 1390
4093 1989
4094 1164
4095 1269
4096 1280
4097 1295
4098 1395
4099 1091
4100 1541
4101 1641
4102 1707
4103 0864
4104 0895
4105 1370
4106 1037
4107 1520
4108 1215
4109 2148
4110 1231
4111 1814
4112 1362
4113 1500
4114 1524
4115 1639
4116 1728
4117 1935
4118 1880
4119 1938
4120 1987
4121 2066
4122 1214
4123 2198
4124 1250
4125 1300
4126 1411
4127 1486
4128 1523
4129 1590
4130 1655
4131 1803
4132 0868
4133 1042
4134 0977
4135 1045
4136 1193
4137 1237
4138 1232
4139 1204
4140 1290
4141 1410
4142 1469
4143 1538
4144 1595
4145 2076
4146 1817
4147 1880
4148 2414
4149 1525
4150 2046
4151 1234
4152 1302
4153 1326
4154 4699
4155 2767
4156 1281
4157 1596
4158 1698
4159 0937
4160 0961
4161 0969
4162 1129
4163 1164
4164 1220
4165 1242
4166 1224
4167 1334
4168 1424
4169 1693
4170 1522
4171 2181
4172 1741
4173 1820
4174 0984
4175 1898
4176 1529
4177 2085
4178 1203
4179 1327
4180 1333
4181 1383
4182 1488
4183 1574
4184 1554
4185 1685
4186 1739
4187 0888
4188 0972
4189 1031
4190 1517
4191 1174
4192 2693
4193 1250
4194 1797
4195 1392
4196 1972
4197 1564
4198 1615
4199 1647
4200 1288
4201 1867
4202 1014
4203 1526
4204 2005
4205 1674
4206 1237
4207 1260
4208 1373
4209 1410
4210 1492
4211 1575
4212 1651
4213 0836
4214 0948
4215 1952
4216 1118
4217 1309
4218 1239
4219 1238
4220 1889
4221 1553
4222 1976
4223 1530
4224 1579
4225 1550
4226 1625
4227 1726
4228 1360
4229 1384
4230 1117
4231 1166
4232 2136
4233 1302
4234 1894
4235 1396
4236 1411
4237 1536
4238 1598
4239 1799
4240 1717
4241 0848
4242 1355
4243 0990
4244 2001
4245 1083
4246 1306
4247 1242
4248 1234
4249 1256
4250 1351
4251 1431
4252 1516
4253 1560
4254 1608
4255 1224
4256 1767
4257 1773
4258 1907
4259 2495
4260 2035
4261 2109
4262 1252
4263 1238
4264 1848
4265 1436
4266 1836
4267 0954
4268 2044
4269 1590
4270 1650
4271 1717
4272 0864
4273 1016
4274 1380
4275 1095
4276 2030
4277 1168
4278 1596
4279 1217
4280 1734
4281 1406
4282 1323
4283 1350
4284 1423
4285 1420
4286 1606
4287 1623
4288 1660
4289 0881
4290 1396
4291 1919
4292 1135
4293 2129
4294 1234
4295 1284
4296 1342
4297 0937
4298 1564
4299 1630
4300 1674
4301 2259
4302 1870
4303 1938
4304 1151
4305 1216
4306 1164
4307 1620
4308 1237
4309 1296
4310 1438
4311 1533
4312 1613
4313 1693
4314 1738
4315 0883
4316 1426
4317 1983
4318 1143
4319 2110
4320 1223
4321 1325
4322 1438
4323 1442
4324 1551
4325 1302
4326 0833
4327 1840
4328 1949
4329 1604
4330 1255
4331 1258
4332 1225
4333 1263
4334 1324
4335 1419
4336 1544
4337 1578
4338 1644
4339 1725
4340 1751
4341 0878
4342 1790
4343 1379
4344 1979
4345 1182
4346 1218
4347 1222
4348 1348
4349 1404
4350 1498
4351 1586
4352 1625
4353 1764
4354 0962
4355 0969
4356 1739
4357 1740
4358 0904
4359 0950
4360 1056
4361 1537
4362 1218
4363 1209
4364 1304
4365 1409
4366 1452
4367 1529
4368 1661
4369 1688
4370 1770
4371 1860
4372 4219
4373 2301
4374 1355
4375 2145
4376 1251
4377 1343
4378 1388
4379 1368
4380 1468
4381 1595
4382 1596
4383 1264
4384 0882
4385 1003
4386 1458
4387 1130
4388 1134
4389 1257
4390 1267
4391 1290
4392 1393
4393 1472
4394 1441
4395 1567
4396 1595
4397 1690
4398 1778
4399 1833
4400 1474
4401 1976
4402 1592
4403 2096
4404 1264
4405 1256
4406 1354
4407 1885
4408 1508
4409 1617
4410 1636
4411 0834
4412 0904
4413 1459
4414 1127
4415 2012
4416 1246
4417 1354
4418 1319
4419 1362
4420 1494
4421 1513
4422 1530
4423 1614
4424 1707
4425 1807
4426 1887
4427 1952
4428 1563
4429 1338
4430 1222
4431 1276
4432 1364
4433 1447
4434 1512
4435 1546
4436 1320
4437 1379
4438 1431
4439 1471
4440 1563
4441 1261
4442 0828
4443 0936
4444 1994
4445 0936
4446 1089
4447 1099
4448 1131
4449 1162
4450 1262
4451 1289
4452 1330
4453 1451
4454 1468
4455 1507
4456 1576
4457 2115
4458 1247
4459 1780
4460 1828
4461 1912
4462 2061
4463 2632
4464 2126
4465 2160
4466 1229
4467 1346
4468 1410
4469 1523
4470 1701
4471 1719
4472 1780
4473 0895
4474 1343
4475 1349
4476 1991
4477 2019
4478 1631
4479 1678
4480 1491
4481 1338
4482 1396
4483 1482
4484 1533
4485 1630
4486 2063
4487 1680
4488 2281
4489 1771
4490 1316
4491 1943
4492 1049
4493 1149
4494 2100
4495 1791
4496 1314
4497 1401
4498 1538
4499 1585
4500 1620
4501 1677
4502 1246
4503 0901
4504 2316
4505 1064
4506 1174
4507 1186
4508 1255
4509 1541
4510 1294
4511 1333
4512 1376
4513 1473
4514 2005
4515 1582
4516 1704
4517 1743
4518 1812
4519 1912
4520 2113
4521 2016
4522 2771
4523 1314
4524 1386
4525 1386
4526 1393
4527 1430
4528 1585
4529 1642
4530 1718
4531 1273
4532 1064
4533 0952
4534 1004
4535 1452
4536 1099
4537 2743
4538 1745
4539 1266
4540 1388
4541 1394
4542 1441
4543 1531
4544 1553
4545 1643
4546 1769
4547 1859
4548 1905
4549 1998
4550 2021
4551 2133
4552 1225
4553 1357
4554 1377
4555 1618
4556 1576
4557 1646
4558 0830
4559 0911
4560 1894
4561 1031
4562 1666
4563 1203
4564 2708
4565 1265
4566 1364
4567 1411
4568 1485
4569 2083
4570 1669
4571 1708
4572 1781
4573 1873
4574 1919
4575 2551
4576 2114
4577 2161
4578 1254
4579 1368
4580 1436
4581 1528
4582 1552
4583 1669
4584 1005
4585 0875
4586 0987
4587 1044
4588 1052
4589 1123
4590 0924
4591 1606
4592 1683
4593 1220
4594 1848
4595 1433
4596 1439
4597 1530
4598 1550
4599 2139
4600 0877
4601 1825
4602 0952
4603 1004
4604 1141
4605 1117
4606 1235
4607 1275
4608 1805
4609 1372
4610 1402
4611 1518
4612 1636
4613 1722
4614 1702
4615 1742
4616 1864
4617 1974
4618 2032
4619 2138
4620 2701
4621 1295
4622 1389
4623 1404
4624 1462
4625 1529
4626 1599
4627 1652
4628 0841
4629 1886
4630 1001
4631 1181
4632 1160
4633 1182
4634 1246
4635 1304
4636 1288
4637 1907
4638 1519
4639 1563
4640 2118
4641 2122
4642 1278
4643 1823
4644 0995
4645 1565
4646 2034
4647 1242
4648 2189
4649 1837
4650 1388
4651 1464
4652 1361
4653 1399
4654 1490
4655 1614
4656 1703
4657 0908
4658 0850
4659 1845
4660 1293
4661 1201
4662 1161
4663 1220
4664 1309
4665 1367
4666 1894
4667 1486
4668 1552
4669 1604
4670 1684
4671 2294
4672 1843
4673 1898
4674 2583
4675 2076
4676 2339
4677 1250
4678 1401
4679 0993
4680 1667
4681 1561
4682 1698
4683 1722
4684 0855
4685 0915
4686 0989
4687 1126
4688 1159
4689 1244
4690 1293
4691 1792
4692 1339
4693 1437
4694 1424
4695 1593
4696 1607
4697 1747
4698 2252
4699 1419
4700 2409
4701 1235
4702 2001
4703 2590
4704 1361
4705 1241
4706 1224
4707 1301
4708 1305
4709 1458
4710 1467
4711 1578
4712 1545
4713 1633
4714 0836
4715 0903
4716 0980
4717 1004
4718 1315
4719 1147
4720 1227
4721 1277
4722 1276
4723 1836
4724 1499
4725 1577
4726 1629
4727 1682
4728 1775
4729 1830
4730 1463
4731 2533
4732 1184
4733 2136
4734 1313
4735 1338
4736 1308
4737 0977
4738 1404
4739 1672
4740 1577
4741 1617
4742 1722
4743 0852
4744 0955
4745 0989
4746 1100
4747 1207
4748 1235
4749 1293
4750 1354
4751 1379
4752 1466
4753 1580
4754 1608
4755 1741
4756 1780
4757 2336
4758 1851
4759 1943
4760 1992
4761 1649
4762 1259
4763 1239
4764 1340
4765 1908
4766 1408
4767 1457
4768 1539
4769 1655
4770 1754
4771 0880
4772 0926
4773 1057
4774 1093
4775 1218
4776 1241
4777 1233
4778 1350
4779 1937
4780 1551
4781 1545
4782 1602
4783 1669
4784 1276
4785 1805
4786 0958
4787 1714
4788 1868
4789 1078
4790 2007
4791 1220
4792 2200
4793 1258
4794 1282
4795 1353
4796 1475
4797 1559
4798 1168
4799 0854
4800 1777
4801 1776
4802 0997
4803 1097
4804 1062
4805 1171
4806 1300
4807 4571
4808 2651
4809 1674
4810 1474
4811 1565
4812 1601
4813 1234
4814 1740
4815 1400
4816 1281
4817 1137
4818 1657
4819 2695
4820 1285
4821 1366
4822 1494
4823 1521
4824 1629
4825 1687
4826 1786
4827 0941
4828 0970
4829 1101
4830 1172
4831 1223
4832 1718
4833 1317
4834 1408
4835 1476
4836 1545
4837 1587
4838 1661
4839 1301
4840 1430
4841 0986
4842 1083
4843 1454
4844 1224
4845 1284
4846 1347
4847 1004
4848 1481
4849 1168
4850 2041
4851 0871
4852 1814
4853 1010
4854 1172
4855 1170
4856 1617
4857 1211
4858 1271
4859 1338
4860 1452
4861 1498
4862 1573
4863 1615
4864 1900
4865 1826
4866 1895
4867 1969
4868 2615
4869 1960
4870 1999
4871 2101
4872 2197
4873 1270
4874 1898
4875 1444
4876 2053
4877 0841
4878 1719
4879 1788
4880 1395
4881 1058
4882 2587
4883 1212
4884 1278
4885 1328
4886 1367
4887 1426
4888 1471
4889 1597
4890 1676
4891 1822
4892 1801
4893 1930
4894 1955
4895 1237
4896 1203
4897 1323
4898 1359
4899 1411
4900 1493
4901 1579
4902 1646
4903 1742
4904 1025
4905 0962
4906 1127
4907 1171
4908 1674
4909 1248
4910 1306
4911 1362
4912 1479
4913 1554
4914 1676
4915 1645
4916 2159
4917 1711
4918 1338
4919 1873
4920 1071
4921 2046
4922 2169
4923 1244
4924 1320
4925 1315
4926 1049
4927 1506
4928 1578
4929 1656
4930 1789
4931 0904
4932 0973
4933 1075
4934 1106
4935 1244
4936 1224
4937 1351
4938 1397
4939 1962
4940 1549
4941 1589
4942 1605
4943 1756
4944 1810
4945 1883
4946 2492
4947 1305
4948 1670
4949 1284
4950 1535
4951 1354
4952 1925
4953 1480
4954 2096
4955 1661
4956 1814
4957 1274
4958 0904
4959 1940
4960 1075
4961 1250
4962 1187
4963 1719
4964 1324
4965 1326
4966 1398
4967 1503
4968 1529
4969 1643
4970 1754
4971 1821
4972 1842
4973 1968
4974 2018
4975 2017
4976 1653
4977 1243
4978 1824
4979 1394
4980 1484
4981 1519
4982 1634
4983 1710
4984 0860
4985 0947
4986 0956
4987 1093
4988 1129
4989 1598
4990 1206
4991 1248
4992 1326
4993 1492
4994 1450
4995 1511
4996 1628
4997 1680
4998 2256
4999 1846
5000 1931
Average  1543
Min  0791
Max  5294
END