1 1149
2 1178
3 1244
4 1282
5 1416
6 1426
7 1296
8 1374
9 1407
10 1547
11 1693
12 1734
13 1861
14 1927
15 1906
16 1201
17 2052
18 2106
19 2204
20 1302
21 1324
22 1401
23 1504
24 1527
25 0912
26 1676
27 0992
28 1798
29 1227
30 1098
31 1223
32 1321
33 1449
34 1541
35 1457
36 1317
37 1387
38 1417
39 1497
40 1604
41 1636
42 1729
43 1809
44 1878
45 1986
46 1179
47 2105
48 2142
49 1388
50 1331
51 1356
52 1398
53 1513
54 1594
55 1013
56 1746
57 1027
58 1119
59 1183
60 1428
61 1369
62 1533
63 1272
64 1339
65 1415
66 1508
67 1561
68 1610
69 1697
70 1783
71 1873
72 1178
73 2001
74 5077
75 4095
76 2702
77 1287
78 1352
79 1438
80 1428
81 1652
82 1542
83 1635
84 1682
85 1758
86 1104
87 1820
88 1950
89 2019
90 2129
91 1406
92 1316
93 1340
94 1383
95 1484
96 1471
97 1555
98 1579
99 1021
100 1725
101 1814
102 1334
103 1228
104 1290
105 1304
106 1343
107 1338
108 1397
109 1398
110 1456
111 1340
112 1374
113 1371
114 1465
115 1330
116 1371
117 1399
118 1480
119 1560
120 1557
121 1608
122 1643
123 1683
124 1680
125 1761
126 1750
127 1784
128 2052
129 1974
130 1921
131 1213
132 2297
133 1237
134 1274
135 1351
136 1525
137 1502
138 1116
139 1662
140 1020
141 1012
142 1187
143 1158
144 1289
145 1444
146 1552
147 1306
148 1377
149 1433
150 1509
151 1681
152 1684
153 1720
154 1763
155 1835
156 1913
157 1269
158 2051
159 1222
160 1252
161 1350
162 1438
163 1490
164 0905
165 1002
166 1014
167 1008
168 1092
169 1172
170 1293
171 1315
172 1436
173 1307
174 1360
175 1458
176 1568
177 1576
178 1656
179 1887
180 1872
181 1180
182 2011
183 2151
184 2278
185 1264
186 1280
187 1373
188 1446
189 1555
190 0956
191 0990
192 1014
193 1043
194 1069
195 1189
196 1370
197 1395
198 1222
199 1286
200 1364
201 1433
202 1544
203 1630
204 1662
205 1776
206 1868
207 1903
208 1167
209 2083
210 2144
211 1250
212 1406
213 1439
214 1466
215 1531
216 0976
217 0885
218 1724
219 1792
220 1162
221 1311
222 1375
223 1374
224 1392
225 1221
226 1320
227 1371
228 1437
229 1501
230 1590
231 1660
232 1791
233 1832
234 1932
235 2001
236 2267
237 2214
238 1289
239 1394
240 1440
241 1488
242 1558
243 0977
244 0968
245 1005
246 1185
247 1249
248 1413
249 1366
250 1508
251 1294
252 1391
253 1444
254 1506
255 1608
256 1673
257 1773
258 1400
259 1437
260 1531
261 4157
262 2728
263 1300
264 1243
265 1327
266 1308
267 1408
268 1442
269 1241
270 1377
271 1459
272 1546
273 1626
274 1682
275 1717
276 1858
277 1946
278 2033
279 2084
280 1208
281 1266
282 1363
283 1361
284 1484
285 1520
286 0942
287 1009
288 1000
289 1249
290 1125
291 1237
292 1283
293 1366
294 1459
295 1268
296 1331
297 1425
298 1502
299 1609
300 1610
301 1761
302 1785
303 1861
304 1903
305 1949
306 1974
307 2167
308 1216
309 1333
310 1329
311 2204
312 1256
313 1315
314 1395
315 1478
316 1584
317 1637
318 1079
319 1063
320 1133
321 1128
322 1254
323 1505
324 1437
325 1534
326 1321
327 1432
328 1518
329 1600
330 1655
331 1702
332 1875
333 1956
334 1987
335 2189
336 2109
337 2123
338 1289
339 1321
340 1440
341 1520
342 1585
343 1689
344 0935
345 1777
346 1123
347 1160
348 1250
349 1429
350 1396
351 1219
352 1329
353 1356
354 1396
355 1519
356 1523
357 1632
358 1698
359 1801
360 1867
361 1896
362 2008
363 2109
364 2164
365 1213
366 1311
367 1384
368 1470
369 1521
370 1644
371 1717
372 1180
373 1158
374 1327
375 1319
376 1376
377 1481
378 1225
379 1297
380 1392
381 1444
382 1530
383 1583
384 1672
385 1760
386 1851
387 1904
388 2052
389 2081
390 2176
391 1471
392 1284
393 1569
394 1413
395 1522
396 1567
397 1631
398 1673
399 1166
400 1100
401 1869
402 1202
403 1263
404 1293
405 1384
406 1476
407 1523
408 1530
409 1342
410 1509
411 1468
412 1573
413 1595
414 1687
415 1753
416 5204
417 3735
418 2905
419 1987
420 1559
421 1593
422 1659
423 1251
424 1307
425 1381
426 1496
427 1525
428 1577
429 1688
430 1759
431 1833
432 1925
433 1984
434 2055
435 1306
436 1196
437 1281
438 1386
439 1520
440 1558
441 0875
442 1107
443 1812
444 1179
445 1134
446 1215
447 1372
448 1533
449 1283
450 1266
451 1403
452 1504
453 1591
454 1638
455 1715
456 1798
457 1808
458 1931
459 2007
460 2034
461 1286
462 1275
463 1350
464 1422
465 1503
466 1568
467 0993
468 1026
469 1117
470 1163
471 1233
472 1295
473 1350
474 1487
475 1335
476 1434
477 1436
478 1609
479 1605
480 1775
481 1816
482 1898
483 1941
484 2065
485 2125
486 1242
487 1296
488 1345
489 1465
490 1548
491 1628
492 1645
493 1051
494 1186
495 1244
496 1277
497 1302
498 1476
499 1457
500 1218
501 1307
502 1366
503 1474
504 1540
505 1544
506 1666
507 1735
508 1789
509 1891
510 1292
511 1976
512 2117
513 1397
514 1246
515 1342
516 1374
517 1504
518 1557
519 0974
520 1984
521 1033
522 1306
523 1267
524 1441
525 1421
526 1472
527 1299
528 1331
529 1418
530 1477
531 1536
532 1633
533 1674
534 1717
535 1847
536 1961
537 1307
538 1384
539 1432
540 2202
541 1272
542 1260
543 1364
544 1453
545 1510
546 1492
547 1570
548 1730
549 1972
550 1212
551 1229
552 1262
553 1340
554 1429
555 1539
556 1291
557 1357
558 1463
559 1546
560 1523
561 1675
562 1690
563 1770
564 1828
565 1893
566 1914
567 2017
568 1308
569 1391
570 1265
571 1258
572 1332
573 1396
574 1482
575 1502
576 1553
577 1605
578 1099
579 1732
580 1778
581 1198
582 1305
583 1353
584 1405
585 1516
586 1215
587 1310
588 1323
589 1456
590 1463
591 1553
592 1610
593 1637
594 1735
595 1790
596 1871
597 1312
598 1351
599 1326
600 1299
601 1538
602 1364
603 4529
604 3521
605 2576
606 1664
607 1668
608 1813
609 1900
610 1266
611 2017
612 1272
613 2158
614 1238
615 1322
616 1438
617 1565
618 1585
619 0993
620 1085
621 1072
622 1255
623 1326
624 1226
625 1468
626 1407
627 1253
628 1305
629 1363
630 1402
631 1486
632 1586
633 1727
634 1774
635 1822
636 1975
637 2005
638 2025
639 2085
640 1215
641 1300
642 1407
643 1493
644 1595
645 1612
646 1743
647 1105
648 1108
649 1113
650 1202
651 1429
652 1380
653 1258
654 1361
655 1402
656 1442
657 1552
658 1737
659 1718
660 1823
661 1913
662 1967
663 1994
664 2086
665 1210
666 2106
667 2138
668 1214
669 1256
670 1328
671 1459
672 1459
673 1553
674 0947
675 1657
676 1096
677 1131
678 1129
679 1242
680 1460
681 1406
682 1502
683 1257
684 1314
685 1400
686 1470
687 1560
688 1600
689 1652
690 1795
691 1854
692 1983
693 2007
694 2057
695 2117
696 1205
697 1296
698 1348
699 1415
700 1489
701 1583
702 1064
703 1777
704 1153
705 1288
706 1206
707 1362
708 1358
709 1447
710 1243
711 1351
712 1407
713 1543
714 1561
715 1658
716 1762
717 1826
718 1853
719 1963
720 2057
721 2142
722 2167
723 1258
724 1356
725 1486
726 1539
727 1606
728 1182
729 1097
730 1216
731 1111
732 1256
733 1329
734 1424
735 1253
736 1355
737 1399
738 1512
739 1587
740 1656
741 1746
742 1798
743 1904
744 1998
745 1220
746 2135
747 1263
748 1399
749 1455
750 1460
751 1589
752 1647
753 1075
754 1103
755 1120
756 1251
757 1428
758 1276
759 4569
760 3215
761 2213
762 1346
763 1398
764 1501
765 1550
766 1671
767 1152
768 1223
769 1104
770 1185
771 1304
772 1334
773 1386
774 1259
775 1360
776 1435
777 1501
778 1531
779 1634
780 1738
781 1142
782 1951
783 1935
784 2001
785 2106
786 1232
787 1240
788 1309
789 1405
790 1554
791 1609
792 0899
793 1768
794 1018
795 1154
796 1357
797 1303
798 1336
799 1444
800 1298
801 1414
802 1447
803 1489
804 1583
805 1699
806 1716
807 1835
808 1214
809 1212
810 2057
811 2148
812 1436
813 1277
814 1387
815 1431
816 1473
817 1571
818 0926
819 1775
820 1061
821 1122
822 1202
823 1250
824 1331
825 1426
826 1267
827 1311
828 1428
829 1553
830 1542
831 1638
832 1737
833 1813
834 1843
835 1950
836 2021
837 2145
838 1203
839 1288
840 1380
841 1472
842 1550
843 0847
844 1659
845 1043
846 1110
847 1133
848 1139
849 1236
850 1421
851 1517
852 1270
853 1359
854 1455
855 1526
856 1612
857 1641
858 1773
859 1790
860 1855
861 2148
862 2047
863 2077
864 1333
865 1248
866 1388
867 1404
868 1517
869 1605
870 0962
871 1737
872 1111
873 1181
874 1167
875 1178
876 1192
877 1452
878 1479
879 1445
880 1306
881 1383
882 1440
883 1522
884 1475
885 1670
886 1653
887 1821
888 1822
889 1948
890 1183
891 2006
892 2109
893 1306
894 1299
895 1344
896 1401
897 1513
898 1609
899 1072
900 1696
901 0989
902 0994
903 1187
904 1263
905 1306
906 1388
907 1283
908 1334
909 1362
910 1386
911 1496
912 1544
913 1619
914 1725
915 1809
916 1906
917 1970
918 1909
919 2008
920 2062
921 2168
922 1319
923 1344
924 1396
925 1555
926 1592
927 1648
928 0948
929 1127
930 1136
931 1178
932 1247
933 1333
934 1553
935 1433
936 1278
937 1317
938 1406
939 1555
940 1602
941 1654
942 1786
943 1816
944 1842
945 1922
946 4410
947 3412
948 2103
949 1200
950 1295
951 1341
952 1472
953 1447
954 1652
955 1665
956 1772
957 1100
958 1909
959 1997
960 2073
961 1213
962 2227
963 1295
964 1420
965 1487
966 0987
967 1148
968 0927
969 1113
970 1149
971 1286
972 1287
973 1323
974 1423
975 1291
976 1372
977 1389
978 1445
979 1451
980 1208
981 1291
982 1386
983 1457
984 1544
985 1582
986 1615
987 1711
988 1714
989 1710
990 1803
991 1849
992 1933
993 1200
994 2133
995 1256
996 1266
997 1336
998 1389
999 1431
1000 1498
1001 1549
1002 1032
1003 1712
1004 1728
1005 1239
1006 1240
1007 1234
1008 1283
1009 1264
1010 1382
1011 1452
1012 1516
1013 1290
1014 1250
1015 1373
1016 1417
1017 1692
1018 1676
1019 1673
1020 1672
1021 1152
1022 1930
1023 2066
1024 1543
1025 1598
1026 1710
1027 1775
1028 1789
1029 1902
1030 2021
1031 2103
1032 2140
1033 1227
1034 1312
1035 1402
1036 1487
1037 1533
1038 0986
1039 1009
1040 1017
1041 1946
1042 1176
1043 1267
1044 1305
1045 1228
1046 1233
1047 1334
1048 1408
1049 1515
1050 1786
1051 1654
1052 1708
1053 1791
1054 1848
1055 2041
1056 2087
1057 2153
1058 1271
1059 1311
1060 1387
1061 1478
1062 1632
1063 1648
1064 0933
1065 1096
1066 1869
1067 1238
1068 1291
1069 1259
1070 1288
1071 1420
1072 1325
1073 1394
1074 1427
1075 1495
1076 1564
1077 1684
1078 1752
1079 1827
1080 1864
1081 1960
1082 2079
1083 2121
1084 1211
1085 1332
1086 1356
1087 1455
1088 1501
1089 1012
1090 1699
1091 1750
1092 1034
1093 1285
1094 1222
1095 1334
1096 1409
1097 1246
1098 1296
1099 1414
1100 1417
1101 4942
1102 3959
1103 2652
1104 1716
1105 1300
1106 1412
1107 1426
1108 1439
1109 1323
1110 1430
1111 1324
1112 1307
1113 1406
1114 1463
1115 1556
1116 1598
1117 1723
1118 1804
1119 2434
1120 1970
1121 2224
1122 2076
1123 1329
1124 1384
1125 1391
1126 1390
1127 1507
1128 0961
1129 1680
1130 1007
1131 1040
1132 1108
1133 1187
1134 1196
1135 1326
1136 1508
1137 1278
1138 1319
1139 1351
1140 1497
1141 1576
1142 1664
1143 1723
1144 1814
1145 1153
1146 1952
1147 2027
1148 2103
1149 1451
1150 1285
1151 1376
1152 1520
1153 1551
1154 1001
1155 0974
1156 1717
1157 1127
1158 1256
1159 1234
1160 1337
1161 1378
1162 1552
1163 1460
1164 1338
1165 1409
1166 1516
1167 1549
1168 1608
1169 1697
1170 1799
1171 1896
1172 1973
1173 2236
1174 1365
1175 1263
1176 1356
1177 1399
1178 1481
1179 1561
1180 1067
1181 1690
1182 1760
1183 1151
1184 1319
1185 1309
1186 1493
1187 1507
1188 1291
1189 1342
1190 1469
1191 1502
1192 1557
1193 1641
1194 1731
1195 1726
1196 1838
1197 1931
1198 2012
1199 1269
1200 1361
1201 1232
1202 1317
1203 1390
1204 1402
1205 1564
1206 1640
1207 1178
1208 1167
1209 1202
1210 1297
1211 1331
1212 1460
1213 1269
1214 1279
1215 1341
1216 1438
1217 1564
1218 1615
1219 1704
1220 1774
1221 1813
1222 1140
1223 1979
1224 1378
1225 2319
1226 1279
1227 1285
1228 1472
1229 1500
1230 1576
1231 1010
1232 1242
1233 1159
1234 1238
1235 1345
1236 1400
1237 1422
1238 1475
1239 1530
1240 1346
1241 1378
1242 1476
1243 1579
1244 1627
1245 1713
1246 1695
1247 1829
1248 1204
1249 1901
1250 2025
1251 2038
1252 1231
1253 2109
1254 2175
1255 1291
1256 1381
1257 1435
1258 1569
1259 1586
1260 1719
1261 1768
1262 1820
1263 1891
1264 1256
1265 1352
1266 2102
1267 1257
1268 1297
1269 1340
1270 1432
1271 1551
1272 1608
1273 1653
1274 1724
1275 1120
1276 1238
1277 1296
1278 1390
1279 1517
1280 1544
1281 1507
1282 1592
1283 1269
1284 1357
1285 1488
1286 1500
1287 1682
1288 4543
1289 3226
1290 1938
1291 1885
1292 1371
1293 1467
1294 1475
1295 1564
1296 1480
1297 1591
1298 1277
1299 1341
1300 1436
1301 1482
1302 1535
1303 1609
1304 1590
1305 1705
1306 1789
1307 1128
1308 1172
1309 1939
1310 2026
1311 1395
1312 1299
1313 2160
1314 2258
1315 1320
1316 1271
1317 1351
1318 1465
1319 1488
1320 1632
1321 1016
1322 1751
1323 1154
1324 1104
1325 1238
1326 1223
1327 1279
1328 1338
1329 1281
1330 1272
1331 1323
1332 1339
1333 1376
1334 1433
1335 1533
1336 1615
1337 1662
1338 1708
1339 1711
1340 2032
1341 1794
1342 1061
1343 1965
1344 2055
1345 2184
1346 1285
1347 1397
1348 1398
1349 1447
1350 1523
1351 1679
1352 1691
1353 1086
1354 1875
1355 1145
1356 1240
1357 1285
1358 1315
1359 1424
1360 1311
1361 1368
1362 1427
1363 1480
1364 1674
1365 1615
1366 1604
1367 1670
1368 1836
1369 1844
1370 1926
1371 1975
1372 2075
1373 1419
1374 1310
1375 1363
1376 1430
1377 1483
1378 1609
1379 1656
1380 1036
1381 1288
1382 1938
1383 1257
1384 1287
1385 1241
1386 1365
1387 1386
1388 1290
1389 1395
1390 1386
1391 1468
1392 1447
1393 1620
1394 1573
1395 1693
1396 1737
1397 1828
1398 1889
1399 2025
1400 1199
1401 2218
1402 1365
1403 1353
1404 1339
1405 1392
1406 1505
1407 1523
1408 0965
1409 1661
1410 1705
1411 1031
1412 1289
1413 1169
1414 1320
1415 1298
1416 1313
1417 1352
1418 1506
1419 1280
1420 1359
1421 1403
1422 1469
1423 1581
1424 1622
1425 1710
1426 1756
1427 1815
1428 1935
1429 1232
1430 2015
1431 2088
1432 1238
1433 1283
1434 1345
1435 1458
1436 1752
1437 1613
1438 0961
1439 0974
1440 1699
1441 1681
1442 1825
1443 4590
1444 3373
1445 2278
1446 1360
1447 1378
1448 1404
1449 2000
1450 2091
1451 1331
1452 2199
1453 1308
1454 1359
1455 1455
1456 1566
1457 1606
1458 1734
1459 1120
1460 1884
1461 1248
1462 1330
1463 1384
1464 1212
1465 1322
1466 1394
1467 1472
1468 1496
1469 1672
1470 1703
1471 1726
1472 1845
1473 1933
1474 1973
1475 2117
1476 1200
1477 1260
1478 1338
1479 1443
1480 1542
1481 1595
1482 1065
1483 0978
1484 1028
1485 1294
1486 1245
1487 1371
1488 1379
1489 1451
1490 1316
1491 1320
1492 1272
1493 1321
1494 1290
1495 1449
1496 1532
1497 1601
1498 1623
1499 1720
1500 1808
1501 1896
1502 1170
1503 1271
1504 2149
1505 1225
1506 1319
1507 1375
1508 1437
1509 0968
1510 1630
1511 0907
1512 1118
1513 1113
1514 1130
1515 1222
1516 1326
1517 1368
1518 1475
1519 1285
1520 1342
1521 1475
1522 1570
1523 1630
1524 1664
1525 1763
1526 1776
1527 1855
1528 1967
1529 1982
1530 2075
1531 1271
1532 1255
1533 1302
1534 1379
1535 1475
1536 0941
1537 0947
1538 0934
1539 1009
1540 1108
1541 1125
1542 1178
1543 1243
1544 1338
1545 1389
1546 1254
1547 1353
1548 1450
1549 1556
1550 1531
1551 1639
1552 1668
1553 1791
1554 1818
1555 1933
1556 1966
1557 2117
1558 2154
1559 1281
1560 1289
1561 1345
1562 1472
1563 0926
1564 1628
1565 1021
1566 1047
1567 1118
1568 1161
1569 1316
1570 1268
1571 1396
1572 1422
1573 1299
1574 1381
1575 1482
1576 1545
1577 1624
1578 1836
1579 1671
1580 1781
1581 1837
1582 1961
1583 1233
1584 2136
1585 1372
1586 1237
1587 1295
1588 1422
1589 1479
1590 1616
1591 1661
1592 0984
1593 1234
1594 1142
1595 1322
1596 1306
1597 1398
1598 1441
1599 1290
1600 1322
1601 1463
1602 1475
1603 1593
1604 1647
1605 1732
1606 1788
1607 1864
1608 1983
1609 2009
1610 2131
1611 1341
1612 1365
1613 1341
1614 1378
1615 1413
1616 1496
1617 1645
1618 1000
1619 1079
1620 1132
1621 1240
1622 1254
1623 1335
1624 1538
1625 1220
1626 1337
1627 1369
1628 1484
1629 1637
1630 4499
1631 3037
1632 1958
1633 1887
1634 1377
1635 1412
1636 1388
1637 1422
1638 1242
1639 1247
1640 1456
1641 1407
1642 1488
1643 1535
1644 1658
1645 1747
1646 1783
1647 1914
1648 1896
1649 2007
1650 1362
1651 2890
1652 1253
1653 1348
1654 1387
1655 1465
1656 1483
1657 1576
1658 1694
1659 1693
1660 1100
1661 1085
1662 1110
1663 1197
1664 1308
1665 1380
1666 1241
1667 1285
1668 1336
1669 1505
1670 1561
1671 1595
1672 1666
1673 1789
1674 1842
1675 1932
1676 2031
1677 2115
1678 1219
1679 1324
1680 1375
1681 1438
1682 1583
1683 0936
1684 1712
1685 1008
1686 1041
1687 1156
1688 1249
1689 1341
1690 1356
1691 1406
1692 1464
1693 1502
1694 1403
1695 1543
1696 1669
1697 1741
1698 1815
1699 1718
1700 1811
1701 1891
1702 1965
1703 2048
1704 1301
1705 2169
1706 1300
1707 1283
1708 1400
1709 1481
1710 1574
1711 0951
1712 1724
1713 1037
1714 1107
1715 1228
1716 1280
1717 1418
1718 1415
1719 1420
1720 1263
1721 1361
1722 1455
1723 1518
1724 1603
1725 1738
1726 1791
1727 1896
1728 1933
1729 2056
1730 2101
1731 1207
1732 1256
1733 1371
1734 1481
1735 1535
1736 1673
1737 1671
1738 1729
1739 1108
1740 1032
1741 1168
1742 1302
1743 1330
1744 1448
1745 1242
1746 1318
1747 1397
1748 1463
1749 1613
1750 1667
1751 1698
1752 1801
1753 1910
1754 1948
1755 1946
1756 1998
1757 2112
1758 2215
1759 1279
1760 1357
1761 1463
1762 1531
1763 1621
1764 1651
1765 1047
1766 1021
1767 1843
1768 1193
1769 1211
1770 1263
1771 1391
1772 1231
1773 1272
1774 1317
1775 1414
1776 1516
1777 1536
1778 1598
1779 1751
1780 1858
1781 1895
1782 1968
1783 2040
1784 2173
1785 1300
1786 1364
1787 1409
1788 1500
1789 1603
1790 1008
1791 1035
1792 1041
1793 1181
1794 1221
1795 1276
1796 1202
1797 1418
1798 1347
1799 1339
1800 1414
1801 1502
1802 1617
1803 1667
1804 2066
1805 1864
1806 1872
1807 1932
1808 1981
1809 2074
1810 1286
1811 1280
1812 1304
1813 1368
1814 1524
1815 1540
1816 0976
1817 3738
1818 2775
1819 1844
1820 1250
1821 1540
1822 1558
1823 2144
1824 1238
1825 1340
1826 1461
1827 1551
1828 0959
1829 1075
1830 0993
1831 1033
1832 1175
1833 1224
1834 1259
1835 1324
1836 1226
1837 1275
1838 1418
1839 1419
1840 1510
1841 1630
1842 1696
1843 1693
1844 1779
1845 1854
1846 1932
1847 1988
1848 2272
1849 1344
1850 1244
1851 1350
1852 1404
1853 1500
1854 1545
1855 0987
1856 1066
1857 1044
1858 1139
1859 1211
1860 1364
1861 1336
1862 1400
1863 1270
1864 1320
1865 1394
1866 1476
1867 1529
1868 1657
1869 1656
1870 1807
1871 1860
1872 1081
1873 1164
1874 2058
1875 2168
1876 1236
1877 1321
1878 1445
1879 1543
1880 1573
1881 1025
1882 1043
1883 1048
1884 1113
1885 1166
1886 1258
1887 1421
1888 1383
1889 1284
1890 1286
1891 1427
1892 1501
1893 1608
1894 1678
1895 1713
1896 1850
1897 1930
1898 1930
1899 2009
1900 2318
1901 1301
1902 1325
1903 1375
1904 1469
1905 1563
1906 0821
1907 0998
1908 1026
1909 1217
1910 1117
1911 1301
1912 1322
1913 1432
1914 1242
1915 1312
1916 1382
1917 1465
1918 1632
1919 1670
1920 1701
1921 1778
1922 1879
1923 1157
1924 2039
1925 2061
1926 1202
1927 1295
1928 1353
1929 1479
1930 1594
1931 0967
1932 0995
1933 1729
1934 1151
1935 1064
1936 1220
1937 1306
1938 1431
1939 1467
1940 1412
1941 1394
1942 1496
1943 1559
1944 1669
1945 1766
1946 1784
1947 1925
1948 1957
1949 2048
1950 2079
1951 1216
1952 1317
1953 1367
1954 1490
1955 1545
1956 1650
1957 1102
1958 1039
1959 1086
1960 1140
1961 1409
1962 1426
1963 1389
1964 1233
1965 1361
1966 1266
1967 1364
1968 1374
1969 1475
1970 1592
1971 1706
1972 1719
1973 4213
1974 3215
1975 2242
1976 1118
1977 1471
1978 1442
1979 1564
1980 1265
1981 1329
1982 1416
1983 1509
1984 1580
1985 1615
1986 1628
1987 1749
1988 1840
1989 1967
1990 2065
1991 2109
1992 1266
1993 1258
1994 1372
1995 1433
1996 1503
1997 1565
1998 1672
1999 1738
2000 0977
2001 1236
2002 1201
2003 1438
2004 1277
2005 1419
2006 1251
2007 1262
2008 1392
2009 1440
2010 1546
2011 1652
2012 1711
2013 1764
2014 1815
2015 1915
2016 1151
2017 2052
2018 2148
2019 1433
2020 1263
2021 1329
2022 1400
2023 1483
2024 1551
2025 1629
2026 1085
2027 1066
2028 1073
2029 1194
2030 1141
2031 1276
2032 1366
2033 1378
2034 1439
2035 1325
2036 1387
2037 1486
2038 1469
2039 1564
2040 1566
2041 1637
2042 1727
2043 1839
2044 1918
2045 1986
2046 2059
2047 2133
2048 2188
2049 1274
2050 1363
2051 1401
2052 1413
2053 1469
2054 1559
2055 1595
2056 1083
2057 1219
2058 1040
2059 1085
2060 1197
2061 1144
2062 1125
2063 1268
2064 1208
2065 1305
2066 1256
2067 1244
2068 1368
2069 1453
2070 1218
2071 1288
2072 1365
2073 1378
2074 1505
2075 1558
2076 1646
2077 1654
2078 1649
2079 1774
2080 1859
2081 1907
2082 1133
2083 2010
2084 2039
2085 2129
2086 1056
2087 2014
2088 2052
2089 1424
2090 1402
2091 1272
2092 1320
2093 1372
2094 1465
2095 1566
2096 1644
2097 1737
2098 1696
2099 1743
2100 1767
2101 1145
2102 1281
2103 1211
2104 1353
2105 1391
2106 1415
2107 1503
2108 1312
2109 1332
2110 1467
2111 1458
2112 1482
2113 1533
2114 1634
2115 1683
2116 1775
2117 1771
2118 1835
2119 1924
2120 1993
2121 1999
2122 2125
2123 2169
2124 1331
2125 1291
2126 1358
2127 1437
2128 1506
2129 1541
2130 1562
2131 1622
2132 1703
2133 1060
2134 2049
2135 1861
2136 1226
2137 1333
2138 1318
2139 1404
2140 1456
2141 1337
2142 1372
2143 1453
2144 1514
2145 1577
2146 1699
2147 1744
2148 1814
2149 1906
2150 1958
2151 2054
2152 2086
2153 2155
2154 1266
2155 1305
2156 1340
2157 1351
2158 1411
2159 4566
2160 3511
2161 2079
2162 1115
2163 1644
2164 1670
2165 1749
2166 1198
2167 1877
2168 2019
2169 1304
2170 2110
2171 2163
2172 1210
2173 1352
2174 1373
2175 1438
2176 1490
2177 1620
2178 1642
2179 1710
2180 1732
2181 1153
2182 1274
2183 1161
2184 1534
2185 1331
2186 1364
2187 1419
2188 1501
2189 1005
2190 1657
2191 0982
2192 1080
2193 1124
2194 1194
2195 1284
2196 1347
2197 1357
2198 1439
2199 1278
2200 1359
2201 1410
2202 1479
2203 1531
2204 1599
2205 1606
2206 1576
2207 1575
2208 1645
2209 1702
2210 1748
2211 1697
2212 1232
2213 1827
2214 1845
2215 1892
2216 1915
2217 1162
2218 1202
2219 2040
2220 2006
2221 2038
2222 1313
2223 1238
2224 1260
2225 1340
2226 1430
2227 1520
2228 1614
2229 1630
2230 1665
2231 1782
2232 1216
2233 1265
2234 1344
2235 1430
2236 1541
2237 1288
2238 1319
2239 1405
2240 1463
2241 1527
2242 1654
2243 1672
2244 1654
2245 1645
2246 1703
2247 1713
2248 1757
2249 1753
2250 1807
2251 1838
2252 1084
2253 1948
2254 1983
2255 1101
2256 1171
2257 2026
2258 2032
2259 1228
2260 1352
2261 2171
2262 1240
2263 1430
2264 1325
2265 1348
2266 1377
2267 1378
2268 1408
2269 1478
2270 1470
2271 1556
2272 1536
2273 1565
2274 0971
2275 0953
2276 1045
2277 1070
2278 1171
2279 1203
2280 1308
2281 1364
2282 1382
2283 1251
2284 1281
2285 1304
2286 1372
2287 1444
2288 1421
2289 1438
2290 1425
2291 1428
2292 1520
2293 1572
2294 1594
2295 1716
2296 1780
2297 1825
2298 1855
2299 1875
2300 1913
2301 1998
2302 2051
2303 2025
2304 2032
2305 2095
2306 2009
2307 2147
2308 1264
2309 1221
2310 1235
2311 1268
2312 4693
2313 3794
2314 2746
2315 1279
2316 1378
2317 1150
2318 1366
2319 1365
2320 1371
2321 1364
2322 1404
2323 1465
2324 1464
2325 1575
2326 0910
2327 1694
2328 1001
2329 1858
2330 1231
2331 1951
2332 1351
2333 2099
2334 1407
2335 1278
2336 1243
2337 1362
2338 1457
2339 1537
2340 1578
2341 0966
2342 1718
2343 1014
2344 1169
2345 1209
2346 1273
2347 1370
2348 1398
2349 1423
2350 1421
2351 1507
2352 1242
2353 1316
2354 1338
2355 1411
2356 1445
2357 1619
2358 1640
2359 1731
2360 1837
2361 1914
2362 1961
2363 2007
2364 1161
2365 2304
2366 2141
2367 2196
2368 1269
2369 1340
2370 1497
2371 1524
2372 1591
2373 1026
2374 1764
2375 1156
2376 1121
2377 1205
2378 1245
2379 1345
2380 1493
2381 1321
2382 1361
2383 1481
2384 1516
2385 1566
2386 1679
2387 1714
2388 1822
2389 1860
2390 1933
2391 1988
2392 2094
2393 2204
2394 1261
2395 1345
2396 1390
2397 1434
2398 1591
2399 0975
2400 1034
2401 1006
2402 1123
2403 1216
2404 1207
2405 1279
2406 1483
2407 1520
2408 1288
2409 1327
2410 1415
2411 1510
2412 1638
2413 1719
2414 1781
2415 1818
2416 1952
2417 2189
2418 2108
2419 2141
2420 1259
2421 1380
2422 1397
2423 1380
2424 1455
2425 0957
2426 1662
2427 1723
2428 0955
2429 1057
2430 1911
2431 1189
2432 1444
2433 1391
2434 1667
2435 1292
2436 1331
2437 1559
2438 1495
2439 1605
2440 1628
2441 1694
2442 1790
2443 1836
2444 1956
2445 1950
2446 1988
2447 2062
2448 2141
2449 2198
2450 1356
2451 1390
2452 1480
2453 1589
2454 1670
2455 1147
2456 1038
2457 1892
2458 1356
2459 1480
2460 1481
2461 1515
2462 1294
2463 1392
2464 1473
2465 1504
2466 1611
2467 1698
2468 1775
2469 1839
2470 1942
2471 2021
2472 2121
2473 2161
2474 1244
2475 1332
2476 1428
2477 1479
2478 1549
2479 1042
2480 1731
2481 1142
2482 1256
2483 1256
2484 1302
2485 1362
2486 1465
2487 1469
2488 1547
2489 1333
2490 1429
2491 1505
2492 1577
2493 1621
2494 1752
2495 1819
2496 1879
2497 1992
2498 5103
2499 4106
2500 3123
2501 1730
2502 1337
2503 1392
2504 1530
2505 1554
2506 1665
2507 1714
2508 1837
2509 1926
2510 1338
2511 1357
2512 2028
2513 2125
2514 1428
2515 1249
2516 1348
2517 1423
2518 1545
2519 0997
2520 1641
2521 1712
2522 1824
2523 1890
2524 1361
2525 1296
2526 1415
2527 1557
2528 1216
2529 1264
2530 1359
2531 1483
2532 1469
2533 1496
2534 1587
2535 1650
2536 1692
2537 1745
2538 1908
2539 1935
2540 1204
2541 2085
2542 2154
2543 1275
2544 1272
2545 1362
2546 1416
2547 1495
2548 1540
2549 1634
2550 1030
2551 1164
2552 1101
2553 1072
2554 1110
2555 1148
2556 1173
2557 1241
2558 1355
2559 1208
2560 1239
2561 1323
2562 1382
2563 1470
2564 1508
2565 1555
2566 1692
2567 1802
2568 1819
2569 1883
2570 1914
2571 2004
2572 2120
2573 2347
2574 1253
2575 1431
2576 1494
2577 1521
2578 0881
2579 1036
2580 0967
2581 1100
2582 1089
2583 1157
2584 1211
2585 1276
2586 1474
2587 1217
2588 1340
2589 1363
2590 1413
2591 1485
2592 1578
2593 1734
2594 1741
2595 1096
2596 1866
2597 1913
2598 1955
2599 2017
2600 1416
2601 1220
2602 1264
2603 1395
2604 1433
2605 1623
2606 0899
2607 1682
2608 1761
2609 1215
2610 1150
2611 1227
2612 1382
2613 1531
2614 1332
2615 1376
2616 1406
2617 1393
2618 1498
2619 1548
2620 1636
2621 1700
2622 1804
2623 1869
2624 1097
2625 2201
2626 2008
2627 1388
2628 1220
2629 1255
2630 1346
2631 1386
2632 1503
2633 1558
2634 0888
2635 1009
2636 1816
2637 1079
2638 1184
2639 1363
2640 1327
2641 1503
2642 1245
2643 1285
2644 1329
2645 1386
2646 1470
2647 1552
2648 1626
2649 1661
2650 1768
2651 1861
2652 1107
2653 1939
2654 4359
2655 3313
2656 2316
2657 1848
2658 1411
2659 1413
2660 2020
2661 1432
2662 1431
2663 1278
2664 1413
2665 1457
2666 1528
2667 1566
2668 1607
2669 1651
2670 1766
2671 1882
2672 1917
2673 1192
2674 2063
2675 2121
2676 2201
2677 1443
2678 1330
2679 1431
2680 1479
2681 1505
2682 1557
2683 1001
2684 1640
2685 1725
2686 1756
2687 1185
2688 1199
2689 1133
2690 1192
2691 1334
2692 1338
2693 1504
2694 1403
2695 1310
2696 1363
2697 1441
2698 1524
2699 1570
2700 1616
2701 1719
2702 1792
2703 1834
2704 1037
2705 1964
2706 2015
2707 2094
2708 1355
2709 1268
2710 1319
2711 1374
2712 1464
2713 1546
2714 0989
2715 1632
2716 1717
2717 1815
2718 1260
2719 1173
2720 1179
2721 1331
2722 1301
2723 1363
2724 1226
2725 1257
2726 1322
2727 1406
2728 1461
2729 1580
2730 1617
2731 1642
2732 1679
2733 1754
2734 1853
2735 1947
2736 2008
2737 2059
2738 2128
2739 2254
2740 1251
2741 1311
2742 1387
2743 1450
2744 1522
2745 1584
2746 0941
2747 1708
2748 0974
2749 1842
2750 1170
2751 1151
2752 1237
2753 1294
2754 1394
2755 1247
2756 1284
2757 1331
2758 1396
2759 1480
2760 1587
2761 1663
2762 1715
2763 1904
2764 1907
2765 1998
2766 1251
2767 2151
2768 1276
2769 1254
2770 1354
2771 1491
2772 1579
2773 1655
2774 1050
2775 0955
2776 1018
2777 1902
2778 1224
2779 1232
2780 1317
2781 1338
2782 1426
2783 1474
2784 1316
2785 1387
2786 1473
2787 1517
2788 1567
2789 1657
2790 1836
2791 1897
2792 1875
2793 2022
2794 2061
2795 2179
2796 1250
2797 1314
2798 1406
2799 1501
2800 1558
2801 1650
2802 1692
2803 1042
2804 1088
2805 1180
2806 1278
2807 1326
2808 1414
2809 1462
2810 1313
2811 1346
2812 1485
2813 1592
2814 1661
2815 1785
2816 1793
2817 1878
2818 1193
2819 2059
2820 2148
2821 2225
2822 1271
2823 1314
2824 1435
2825 1536
2826 1557
2827 1764
2828 1073
2829 1114
2830 1240
2831 1164
2832 1294
2833 1380
2834 1386
2835 1263
2836 1350
2837 1417
2838 1502
2839 1579
2840 4777
2841 3252
2842 2303
2843 1381
2844 1444
2845 1541
2846 1395
2847 1674
2848 1264
2849 1358
2850 1438
2851 1595
2852 1592
2853 1680
2854 1758
2855 1849
2856 1916
2857 1183
2858 1265
2859 1402
2860 1478
2861 1322
2862 1470
2863 1491
2864 0880
2865 0956
2866 0928
2867 1033
2868 1078
2869 1168
2870 1237
2871 1354
2872 1416
2873 1255
2874 1343
2875 1387
2876 1439
2877 1508
2878 1664
2879 1709
2880 1722
2881 1778
2882 1101
2883 1993
2884 1287
2885 2099
2886 2223
2887 1269
2888 1373
2889 1410
2890 1502
2891 1570
2892 0975
2893 1021
2894 1050
2895 1185
2896 1192
2897 1309
2898 1377
2899 1433
2900 1542
2901 1293
2902 1429
2903 1514
2904 1616
2905 1658
2906 1752
2907 1768
2908 1882
2909 1917
2910 1991
2911 2073
2912 2176
2913 1308
2914 1295
2915 1409
2916 1516
2917 1512
2918 0823
2919 0993
2920 1008
2921 1226
2922 1116
2923 1327
2924 1340
2925 1356
2926 1405
2927 1285
2928 1299
2929 1372
2930 1487
2931 1482
2932 1598
2933 1656
2934 1741
2935 1844
2936 1145
2937 1542
2938 1592
2939 1775
2940 1846
2941 1806
2942 1230
2943 1298
2944 2054
2945 2070
2946 1219
2947 1296
2948 1399
2949 1422
2950 1535
2951 1545
2952 1062
2953 1738
2954 1745
2955 1209
2956 1213
2957 1277
2958 1371
2959 1446
2960 1489
2961 1209
2962 1293
2963 1392
2964 1403
2965 1541
2966 1598
2967 1674
2968 1705
2969 1811
2970 1865
2971 1240
2972 1329
2973 2134
2974 1306
2975 1225
2976 1281
2977 1330
2978 1419
2979 1529
2980 0915
2981 0903
2982 1678
2983 1015
2984 1298
2985 1350
2986 1966
2987 1314
2988 1262
2989 1591
2990 1430
2991 1254
2992 1323
2993 1392
2994 1456
2995 1513
2996 1584
2997 1591
2998 1711
2999 1780
3000 1852
3001 1849
3002 1990
3003 2054
3004 2097
3005 1333
3006 1226
3007 1290
3008 1399
3009 1423
3010 1483
3011 1534
3012 1110
3013 0992
3014 1837
3015 1254
3016 1277
3017 1351
3018 1434
3019 1531
3020 1237
3021 1324
3022 1358
3023 1501
3024 1494
3025 1620
3026 1729
3027 4306
3028 3316
3029 2412
3030 1479
3031 1575
3032 1600
3033 1257
3034 1313
3035 1377
3036 1471
3037 1598
3038 1618
3039 1707
3040 1283
3041 1935
3042 1873
3043 1961
3044 1383
3045 1296
3046 1293
3047 1344
3048 1411
3049 1506
3050 1605
3051 1747
3052 1758
3053 1884
3054 1257
3055 1384
3056 1427
3057 1482
3058 1231
3059 1340
3060 1438
3061 1441
3062 1543
3063 1632
3064 1755
3065 1762
3066 1845
3067 1932
3068 1365
3069 2128
3070 1199
3071 1306
3072 1390
3073 1426
3074 1511
3075 1631
3076 1697
3077 1041
3078 1253
3079 1233
3080 1290
3081 1411
3082 1486
3083 1500
3084 1327
3085 1302
3086 1431
3087 1478
3088 1640
3089 1704
3090 1752
3091 1842
3092 1899
3093 1950
3094 1993
3095 2088
3096 2146
3097 1312
3098 1365
3099 1378
3100 1417
3101 1510
3102 0979
3103 1611
3104 1728
3105 1183
3106 1216
3107 1317
3108 1345
3109 1454
3110 1436
3111 1225
3112 1267
3113 1349
3114 1407
3115 1531
3116 1616
3117 1665
3118 1721
3119 1800
3120 1896
3121 2027
3122 1944
3123 2021
3124 1458
3125 2333
3126 1271
3127 1320
3128 1408
3129 1492
3130 1632
3131 1060
3132 1181
3133 1799
3134 1903
3135 1317
3136 1343
3137 1441
3138 1248
3139 1271
3140 1353
3141 1450
3142 1599
3143 1637
3144 1718
3145 1817
3146 1877
3147 2031
3148 2073
3149 2156
3150 1264
3151 1282
3152 1352
3153 1483
3154 1496
3155 1577
3156 1090
3157 1753
3158 1109
3159 1096
3160 1151
3161 1239
3162 1372
3163 1373
3164 1232
3165 1250
3166 1397
3167 1465
3168 1464
3169 1595
3170 1618
3171 1685
3172 1758
3173 1832
3174 1971
3175 2040
3176 2074
3177 2052
3178 2094
3179 1455
3180 1209
3181 1314
3182 1332
3183 3908
3184 2737
3185 1605
3186 1531
3187 1627
3188 1209
3189 1793
3190 1905
3191 1971
3192 2036
3193 2092
3194 1263
3195 1394
3196 1272
3197 1343
3198 1431
3199 1513
3200 1583
3201 1120
3202 1235
3203 1752
3204 1848
3205 1281
3206 1302
3207 1356
3208 1422
3209 1209
3210 1262
3211 1375
3212 1444
3213 1533
3214 1567
3215 1656
3216 1778
3217 1791
3218 1874
3219 1211
3220 1329
3221 2105
3222 1250
3223 1366
3224 1429
3225 1508
3226 1595
3227 0926
3228 0940
3229 1766
3230 1236
3231 1204
3232 1289
3233 1365
3234 1490
3235 1270
3236 1340
3237 1469
3238 1512
3239 1624
3240 1709
3241 2000
3242 1823
3243 1212
3244 1243
3245 2018
3246 2163
3247 1234
3248 1406
3249 1396
3250 1480
3251 1550
3252 0890
3253 1129
3254 1813
3255 1191
3256 1191
3257 1234
3258 1350
3259 1449
3260 1279
3261 1324
3262 1396
3263 1504
3264 1626
3265 1650
3266 1711
3267 1714
3268 1862
3269 1930
3270 1133
3271 2058
3272 2148
3273 1213
3274 1337
3275 1262
3276 1284
3277 1369
3278 1429
3279 1528
3280 0878
3281 1706
3282 1025
3283 1834
3284 1112
3285 1202
3286 1259
3287 1423
3288 1389
3289 1229
3290 1322
3291 1459
3292 1422
3293 1553
3294 1600
3295 1698
3296 1762
3297 1840
3298 1935
3299 2155
3300 2078
3301 1236
3302 1299
3303 1366
3304 1412
3305 1478
3306 1530
3307 1597
3308 1053
3309 1134
3310 1101
3311 1208
3312 1231
3313 1290
3314 1365
3315 1235
3316 1346
3317 1336
3318 1464
3319 1558
3320 1591
3321 1674
3322 1787
3323 1884
3324 1945
3325 2132
3326 2119
3327 2160
3328 1320
3329 1367
3330 1408
3331 1491
3332 1538
3333 1003
3334 1044
3335 1787
3336 1065
3337 1126
3338 1160
3339 1253
3340 1317
3341 1406
3342 1439
3343 1311
3344 1401
3345 1450
3346 1576
3347 1650
3348 1633
3349 1748
3350 1810
3351 2027
3352 1168
3353 2026
3354 2124
3355 1280
3356 1266
3357 1341
3358 1394
3359 1521
3360 0919
3361 1031
3362 1122
3363 1148
3364 1171
3365 1224
3366 1338
3367 1363
3368 1185
3369 1376
3370 4342
3371 2895
3372 1737
3373 1632
3374 1661
3375 1058
3376 1312
3377 1190
3378 1357
3379 1288
3380 1429
3381 1225
3382 1260
3383 1355
3384 1475
3385 1510
3386 1593
3387 1708
3388 1801
3389 1890
3390 1968
3391 2072
3392 2036
3393 2086
3394 1219
3395 1305
3396 1376
3397 1467
3398 0948
3399 1692
3400 1066
3401 0980
3402 1152
3403 1196
3404 1266
3405 1285
3406 1394
3407 1262
3408 1381
3409 1399
3410 1421
3411 1564
3412 1657
3413 1718
3414 1784
3415 1879
3416 1977
3417 2079
3418 2157
3419 2178
3420 1290
3421 1503
3422 1468
3423 1524
3424 1553
3425 1672
3426 1138
3427 1093
3428 1208
3429 1275
3430 1322
3431 1427
3432 1217
3433 1271
3434 1352
3435 1465
3436 1468
3437 1556
3438 1648
3439 1734
3440 1788
3441 1893
3442 2024
3443 2051
3444 2099
3445 2109
3446 1259
3447 1343
3448 1403
3449 1485
3450 1760
3451 1626
3452 1718
3453 1062
3454 1240
3455 1262
3456 1319
3457 1377
3458 1448
3459 1289
3460 1346
3461 1393
3462 1415
3463 1468
3464 1607
3465 1638
3466 1764
3467 1812
3468 1902
3469 1982
3470 2004
3471 2011
3472 2146
3473 2115
3474 1255
3475 1289
3476 1388
3477 1503
3478 1584
3479 1571
3480 1689
3481 1104
3482 1210
3483 1316
3484 1294
3485 1487
3486 1592
3487 1291
3488 1312
3489 1390
3490 1499
3491 1628
3492 1608
3493 1699
3494 1813
3495 1854
3496 1911
3497 1338
3498 2096
3499 2222
3500 1292
3501 1282
3502 1394
3503 1481
3504 0988
3505 1081
3506 1685
3507 1929
3508 1179
3509 1292
3510 1346
3511 1400
3512 1504
3513 1281
3514 1277
3515 1351
3516 1451
3517 1514
3518 1614
3519 1683
3520 1715
3521 1842
3522 1947
3523 1993
3524 1940
3525 1396
3526 3989
3527 2731
3528 1805
3529 1414
3530 1404
3531 1501
3532 1579
3533 1680
3534 1694
3535 1833
3536 1796
3537 1890
3538 1967
3539 1278
3540 1290
3541 1246
3542 1308
3543 1345
3544 1463
3545 1536
3546 1000
3547 1130
3548 1677
3549 1808
3550 1197
3551 1409
3552 1272
3553 1490
3554 1418
3555 1472
3556 1259
3557 1297
3558 1403
3559 1593
3560 1515
3561 1581
3562 1600
3563 1015
3564 1796
3565 1917
3566 2004
3567 2003
3568 2141
3569 1259
3570 1267
3571 1369
3572 1463
3573 1521
3574 1580
3575 1713
3576 1759
3577 1143
3578 1189
3579 1339
3580 1340
3581 1515
3582 1529
3583 1229
3584 1279
3585 1397
3586 1484
3587 1545
3588 1631
3589 1660
3590 1679
3591 1827
3592 1932
3593 1259
3594 2011
3595 2091
3596 1255
3597 1280
3598 1356
3599 1434
3600 1482
3601 1601
3602 1095
3603 1148
3604 1826
3605 1119
3606 1209
3607 1323
3608 1375
3609 1408
3610 1617
3611 1483
3612 1318
3613 1417
3614 1491
3615 1541
3616 1647
3617 1752
3618 1696
3619 1774
3620 1765
3621 1807
3622 1844
3623 1983
3624 2023
3625 1391
3626 1284
3627 1375
3628 1392
3629 1417
3630 1489
3631 1573
3632 1651
3633 1678
3634 1177
3635 1250
3636 1207
3637 1310
3638 1469
3639 1419
3640 1421
3641 1236
3642 1341
3643 1443
3644 1511
3645 1579
3646 1694
3647 1738
3648 1820
3649 1870
3650 1922
3651 2032
3652 1304
3653 1256
3654 1310
3655 1296
3656 1292
3657 1435
3658 1491
3659 1562
3660 1032
3661 1209
3662 1790
3663 1383
3664 1318
3665 1385
3666 1462
3667 1511
3668 1222
3669 1365
3670 1433
3671 1538
3672 1681
3673 1666
3674 1724
3675 1782
3676 1843
3677 1942
3678 1440
3679 2071
3680 2187
3681 1281
3682 1391
3683 1432
3684 1504
3685 1582
3686 1093
3687 1682
3688 1064
3689 1083
3690 1200
3691 1346
3692 1307
3693 1485
3694 1241
3695 1243
3696 1339
3697 1462
3698 1410
3699 1530
3700 1573
3701 1602
3702 1634
3703 1743
3704 1833
3705 1899
3706 1254
3707 2036
3708 2138
3709 1286
3710 1332
3711 1386
3712 4563
3713 3583
3714 2037
3715 1689
3716 1294
3717 1134
3718 1921
3719 1955
3720 2047
3721 1411
3722 1231
3723 1238
3724 1354
3725 1431
3726 1469
3727 0966
3728 1030
3729 1700
3730 1785
3731 1150
3732 1191
3733 1360
3734 1438
3735 1594
3736 1250
3737 1310
3738 1347
3739 1394
3740 1503
3741 1577
3742 1620
3743 1689
3744 1803
3745 1858
3746 1238
3747 1953
3748 2087
3749 1478
3750 1214
3751 1354
3752 1385
3753 1404
3754 1466
3755 0964
3756 1610
3757 1687
3758 1055
3759 1138
3760 1293
3761 1298
3762 1322
3763 1388
3764 1374
3765 1408
3766 1298
3767 1362
3768 1401
3769 1556
3770 1607
3771 1689
3772 1737
3773 1838
3774 1089
3775 1948
3776 2066
3777 2143
3778 1214
3779 1361
3780 1409
3781 1454
3782 1565
3783 1625
3784 1694
3785 1211
3786 1186
3787 1275
3788 1368
3789 1301
3790 1354
3791 1235
3792 1297
3793 1383
3794 1471
3795 1570
3796 1618
3797 1754
3798 1691
3799 1796
3800 1117
3801 1984
3802 2003
3803 2109
3804 1223
3805 1314
3806 1460
3807 1436
3808 1560
3809 1032
3810 1694
3811 1156
3812 1201
3813 1234
3814 1341
3815 1516
3816 1438
3817 1270
3818 1315
3819 1390
3820 1481
3821 1597
3822 1652
3823 1762
3824 1823
3825 1916
3826 1948
3827 2011
3828 2126
3829 2178
3830 1334
3831 1382
3832 1448
3833 1549
3834 1694
3835 1105
3836 1145
3837 1195
3838 1274
3839 1352
3840 1740
3841 1390
3842 1438
3843 1307
3844 1379
3845 1430
3846 1555
3847 1681
3848 1652
3849 1779
3850 1959
3851 1931
3852 1246
3853 2053
3854 1237
3855 1294
3856 1332
3857 1469
3858 1570
3859 1609
3860 1666
3861 1700
3862 1121
3863 1266
3864 1249
3865 1366
3866 1464
3867 1421
3868 4318
3869 3293
3870 2088
3871 1518
3872 1607
3873 1429
3874 1218
3875 1813
3876 1265
3877 1281
3878 1328
3879 1421
3880 1524
3881 1427
3882 1302
3883 1406
3884 1499
3885 1526
3886 1631
3887 1645
3888 1733
3889 1840
3890 1857
3891 1212
3892 2041
3893 2131
3894 1299
3895 1264
3896 1349
3897 1443
3898 1497
3899 1022
3900 1121
3901 1762
3902 1806
3903 1213
3904 1258
3905 1367
3906 1455
3907 1498
3908 1305
3909 1390
3910 1442
3911 1589
3912 1518
3913 1543
3914 1665
3915 1725
3916 1807
3917 1321
3918 1998
3919 2057
3920 2079
3921 2225
3922 1228
3923 1389
3924 1373
3925 1415
3926 1503
3927 1564
3928 1593
3929 0995
3930 1255
3931 1853
3932 1885
3933 1248
3934 1424
3935 1391
3936 1592
3937 1239
3938 1366
3939 1430
3940 1515
3941 1584
3942 1618
3943 1729
3944 1874
3945 1857
3946 1246
3947 2016
3948 2131
3949 1226
3950 1294
3951 1313
3952 1386
3953 1530
3954 1627
3955 1151
3956 1137
3957 1820
3958 1230
3959 1293
3960 1390
3961 1462
3962 1547
3963 1275
3964 1403
3965 1417
3966 1535
3967 1585
3968 1638
3969 1695
3970 1810
3971 1912
3972 1243
3973 1407
3974 2260
3975 1226
3976 2176
3977 1233
3978 1339
3979 1443
3980 1428
3981 1500
3982 1533
3983 1534
3984 1582
3985 1709
3986 1801
3987 1273
3988 1246
3989 1416
3990 1445
3991 1484
3992 1524
3993 1258
3994 1372
3995 1442
3996 1485
3997 1786
3998 1695
3999 1734
4000 1789
4001 1841
4002 1855
4003 1212
4004 2032
4005 2128
4006 1494
4007 1232
4008 1348
4009 1261
4010 1353
4011 1441
4012 1481
4013 1554
4014 1019
4015 1707
4016 1734
4017 1848
4018 1292
4019 1310
4020 1452
4021 1474
4022 1599
4023 1364
4024 1368
4025 1461
4026 1692
4027 1584
4028 1646
4029 1774
4030 1727
4031 1821
4032 1188
4033 1992
4034 2098
4035 1467
4036 1541
4037 1263
4038 1312
4039 1432
4040 1542
4041 1546
4042 1180
4043 1702
4044 1768
4045 1789
4046 1206
4047 1222
4048 1293
4049 1423
4050 1497
4051 1555
4052 1264
4053 1381
4054 1430
4055 4395
4056 2959
4057 1900
4058 1192
4059 1212
4060 1278
4061 1985
4062 1406
4063 1415
4064 1471
4065 1227
4066 1323
4067 1402
4068 1522
4069 1629
4070 1670
4071 1760
4072 1759
4073 1829
4074 1922
4075 1937
4076 2030
4077 2118
4078 1437
4079 1312
4080 1437
4081 1436
4082 1523
4083 1002
4084 0987
4085 1800
4086 1805
4087 1239
4088 1311
4089 1374
4090 1429
4091 1234
4092 1295
4093 1373
4094 1483
4095 1550
4096 1606
4097 1715
4098 1821
4099 1217
4100 1948
4101 2016
4102 2051
4103 1400
4104 1266
4105 1318
4106 1414
4107 1463
4108 1464
4109 1561
4110 1630
4111 1118
4112 1103
4113 1241
4114 1890
4115 1325
4116 1370
4117 1464
4118 1524
4119 1259
4120 1377
4121 1481
4122 1535
4123 1611
4124 1654
4125 1699
4126 1845
4127 1910
4128 1974
4129 2053
4130 1344
4131 1239
4132 1278
4133 1345
4134 1457
4135 1452
4136 1538
4137 1641
4138 1671
4139 1268
4140 1818
4141 1386
4142 1258
4143 1344
4144 1426
4145 1395
4146 1242
4147 1284
4148 1392
4149 1416
4150 1460
4151 1524
4152 1590
4153 1652
4154 1897
4155 1832
4156 1939
4157 2011
4158 2037
4159 2122
4160 1370
4161 1386
4162 1303
4163 1317
4164 1453
4165 1569
4166 1617
4167 1039
4168 1649
4169 1702
4170 1211
4171 1274
4172 1257
4173 1383
4174 1488
4175 1247
4176 1284
4177 1399
4178 1409
4179 1497
4180 1576
4181 1678
4182 1720
4183 1856
4184 1285
4185 1947
4186 2062
4187 1210
4188 1244
4189 1336
4190 1431
4191 1486
4192 1559
4193 1665
4194 1667
4195 1079
4196 1827
4197 1207
4198 1325
4199 1419
4200 1504
4201 1245
4202 1331
4203 1357
4204 1451
4205 1557
4206 1589
4207 1639
4208 1756
4209 1883
4210 1874
4211 1944
4212 2013
4213 2128
4214 1209
4215 1264
4216 1287
4217 1374
4218 1462
4219 1518
4220 1019
4221 1738
4222 1806
4223 1175
4224 1258
4225 1349
4226 1440
4227 1522
4228 1288
4229 1374
4230 1385
4231 1460
4232 1535
4233 1596
4234 1693
4235 1828
4236 1810
4237 1931
4238 1970
4239 2061
4240 2122
4241 1217
4242 4137
4243 3291
4244 1893
4245 1484
4246 1393
4247 1605
4248 1718
4249 1743
4250 1789
4251 1920
4252 1977
4253 1394
4254 1219
4255 1282
4256 1299
4257 1353
4258 1489
4259 1580
4260 0997
4261 1102
4262 1760
4263 1167
4264 1307
4265 1353
4266 1398
4267 1437
4268 1515
4269 1615
4270 1372
4271 1411
4272 1464
4273 1526
4274 1585
4275 1618
4276 1716
4277 1804
4278 1885
4279 1277
4280 1998
4281 2102
4282 1224
4283 1236
4284 1368
4285 1381
4286 1474
4287 1060
4288 1625
4289 1714
4290 1772
4291 1285
4292 1354
4293 1393
4294 1330
4295 1443
4296 1615
4297 1321
4298 1411
4299 1434
4300 1569
4301 1660
4302 1711
4303 1747
4304 1849
4305 1219
4306 1974
4307 2084
4308 1387
4309 1317
4310 1377
4311 1451
4312 1540
4313 0960
4314 1735
4315 1792
4316 1196
4317 1287
4318 1386
4319 1470
4320 1483
4321 1202
4322 1295
4323 1342
4324 1432
4325 1503
4326 1550
4327 1600
4328 1678
4329 1709
4330 1887
4331 1918
4332 1974
4333 2126
4334 1221
4335 1357
4336 1314
4337 1347
4338 1417
4339 1491
4340 1023
4341 1178
4342 1824
4343 1825
4344 1312
4345 1324
4346 1332
4347 1486
4348 1502
4349 1290
4350 1378
4351 1417
4352 1491
4353 1569
4354 1576
4355 1667
4356 1792
4357 1889
4358 1929
4359 1249
4360 1336
4361 2133
4362 1293
4363 1292
4364 1426
4365 1525
4366 1098
4367 1652
4368 1763
4369 1218
4370 1290
4371 1267
4372 1321
4373 1441
4374 1216
4375 1621
4376 1266
4377 1309
4378 1381
4379 1422
4380 1588
4381 1526
4382 1562
4383 1676
4384 1745
4385 1677
4386 1793
4387 1881
4388 1989
4389 1252
4390 1231
4391 1253
4392 1331
4393 1402
4394 1513
4395 1587
4396 1038
4397 1132
4398 3678
4399 2877
4400 1454
4401 1545
4402 1416
4403 1228
4404 1325
4405 1397
4406 1492
4407 1558
4408 1660
4409 1709
4410 1273
4411 1295
4412 1481
4413 1371
4414 1593
4415 1223
4416 1304
4417 1347
4418 1428
4419 1513
4420 1597
4421 1702
4422 1761
4423 1839
4424 1869
4425 1997
4426 2055
4427 2149
4428 1282
4429 1302
4430 1441
4431 1529
4432 1599
4433 1046
4434 1053
4435 1753
4436 1834
4437 1249
4438 1304
4439 1406
4440 1531
4441 1524
4442 1258
4443 1384
4444 1473
4445 1531
4446 1658
4447 1670
4448 1746
4449 1857
4450 1943
4451 1972
4452 2057
4453 2163
4454 1213
4455 1259
4456 1318
4457 1434
4458 1528
4459 1598
4460 0944
4461 1725
4462 1070
4463 1125
4464 1102
4465 1407
4466 1464
4467 1525
4468 1256
4469 1286
4470 1397
4471 1490
4472 1537
4473 1593
4474 1737
4475 1732
4476 1829
4477 1176
4478 2002
4479 2030
4480 2158
4481 1194
4482 1318
4483 1383
4484 1437
4485 1596
4486 0957
4487 1024
4488 1011
4489 1149
4490 1198
4491 1268
4492 1362
4493 1438
4494 1511
4495 1265
4496 1412
4497 1460
4498 1531
4499 1599
4500 1727
4501 1784
4502 1840
4503 1981
4504 1965
4505 2036
4506 2099
4507 1189
4508 1240
4509 1337
4510 1394
4511 1488
4512 1566
4513 1640
4514 1124
4515 1285
4516 1856
4517 1330
4518 1307
4519 1434
4520 1513
4521 1525
4522 1369
4523 1423
4524 1502
4525 1522
4526 1645
4527 1720
4528 1802
4529 1953
4530 1932
4531 1988
4532 2117
4533 2084
4534 1243
4535 1363
4536 1443
4537 1492
4538 1636
4539 1690
4540 1698
4541 1084
4542 1194
4543 1333
4544 1353
4545 1455
4546 1463
4547 1491
4548 1274
4549 1278
4550 1364
4551 1469
4552 1561
4553 1578
4554 1660
4555 1784
4556 1795
4557 1872
4558 1901
4559 2032
4560 2116
4561 1226
4562 1294
4563 1358
4564 1428
4565 1468
4566 1591
4567 1605
4568 1719
4569 1079
4570 1056
4571 1198
4572 1330
4573 1298
4574 1425
4575 1497
4576 1276
4577 1283
4578 1415
4579 1528
4580 1561
4581 1592
4582 1724
4583 1761
4584 5268
4585 4328
4586 2998
4587 1655
4588 1713
4589 1276
4590 1280
4591 1385
4592 1482
4593 1598
4594 1728
4595 1860
4596 2075
4597 2037
4598 1246
4599 1273
4600 1249
4601 1284
4602 1455
4603 1481
4604 1552
4605 0889
4606 1144
4607 0996
4608 1183
4609 1164
4610 1345
4611 1373
4612 1238
4613 1268
4614 1405
4615 1474
4616 1570
4617 1625
4618 1668
4619 1757
4620 1857
4621 1798
4622 1901
4623 1999
4624 2014
4625 2008
4626 2119
4627 1274
4628 1385
4629 1441
4630 1484
4631 1593
4632 0958
4633 1011
4634 1842
4635 1185
4636 1151
4637 1328
4638 1464
4639 1231
4640 1293
4641 1362
4642 1444
4643 1509
4644 1634
4645 1632
4646 1772
4647 1832
4648 2057
4649 1996
4650 1992
4651 1380
4652 2132
4653 1212
4654 1332
4655 1361
4656 1478
4657 1594
4658 1566
4659 0898
4660 1069
4661 1101
4662 1168
4663 1218
4664 1308
4665 1397
4666 1447
4667 1355
4668 1407
4669 1407
4670 1500
4671 1615
4672 1711
4673 1729
4674 1786
4675 1932
4676 1951
4677 2035
4678 1235
4679 1206
4680 1262
4681 1399
4682 1472
4683 1492
4684 0926
4685 1029
4686 1088
4687 1159
4688 1283
4689 1295
4690 1451
4691 1476
4692 1198
4693 1292
4694 1381
4695 1471
4696 1557
4697 1564
4698 1680
4699 1757
4700 1986
4701 1054
4702 2007
4703 2063
4704 2204
4705 1293
4706 1294
4707 1358
4708 1458
4709 1579
4710 0906
4711 1079
4712 1764
4713 1084
4714 1178
4715 1199
4716 1402
4717 1393
4718 1432
4719 1282
4720 1364
4721 1486
4722 1476
4723 1559
4724 1717
4725 1786
4726 1810
4727 1255
4728 2007
4729 2088
4730 1261
4731 1251
4732 1255
4733 1370
4734 1452
4735 1542
4736 1602
4737 0869
4738 0943
4739 1126
4740 3819
4741 2906
4742 1468
4743 1607
4744 1695
4745 1251
4746 1386
4747 1445
4748 1504
4749 1608
4750 1683
4751 1031
4752 1161
4753 1097
4754 1200
4755 1236
4756 1375
4757 1440
4758 1276
4759 1348
4760 1447
4761 1535
4762 1599
4763 1715
4764 1792
4765 1806
4766 1195
4767 1968
4768 2073
4769 1216
4770 1426
4771 1330
4772 1440
4773 1538
4774 1618
4775 1098
4776 1750
4777 1196
4778 1303
4779 1241
4780 1561
4781 1435
4782 1512
4783 1221
4784 1236
4785 1340
4786 1430
4787 1528
4788 1591
4789 1682
4790 1736
4791 1877
4792 1159
4793 1948
4794 2038
4795 1263
4796 1201
4797 1243
4798 1390
4799 1482
4800 1571
4801 1652
4802 1042
4803 1096
4804 1058
4805 1129
4806 1220
4807 1337
4808 1497
4809 1241
4810 1316
4811 1410
4812 1412
4813 1536
4814 1578
4815 1684
4816 1721
4817 1822
4818 1900
4819 1978
4820 2068
4821 2124
4822 1228
4823 1284
4824 1352
4825 1408
4826 1442
4827 1497
4828 1551
4829 0952
4830 1629
4831 0996
4832 1071
4833 1131
4834 1141
4835 1246
4836 1300
4837 1400
4838 1209
4839 1339
4840 1391
4841 1486
4842 1530
4843 1669
4844 1709
4845 1778
4846 1896
4847 1951
4848 2027
4849 2065
4850 1218
4851 1280
4852 1402
4853 1432
4854 1511
4855 0933
4856 1910
4857 1028
4858 1191
4859 1195
4860 1283
4861 1340
4862 1210
4863 1270
4864 1237
4865 1355
4866 1446
4867 1556
4868 1589
4869 1678
4870 1783
4871 1845
4872 1847
4873 1957
4874 1186
4875 2144
4876 1253
4877 1275
4878 1310
4879 1410
4880 1480
4881 1519
4882 1464
4883 1588
4884 1689
4885 1119
4886 1051
4887 1085
4888 1259
4889 1305
4890 1357
4891 1378
4892 1206
4893 1297
4894 1399
4895 1433
4896 1536
4897 1621
4898 1656
4899 1728
4900 1751
4901 1801
4902 1936
4903 2021
4904 2039
4905 1199
4906 1431
4907 1302
4908 1476
4909 1424
4910 1513
4911 1567
4912 1664
4913 1059
4914 1055
4915 1187
4916 1191
4917 1332
4918 1461
4919 1244
4920 1304
4921 1360
4922 1472
4923 1512
4924 1626
4925 1749
4926 4839
4927 3884
4928 2431
4929 1521
4930 1628
4931 1681
4932 1287
4933 1370
4934 1470
4935 1488
4936 1539
4937 1611
4938 1767
4939 1794
4940 1947
4941 2009
4942 2035
4943 2056
4944 2131
4945 1247
4946 1280
4947 1427
4948 1498
4949 1006
4950 0982
4951 0965
4952 1804
4953 1147
4954 1181
4955 1270
4956 1485
4957 1401
4958 1313
4959 1399
4960 1673
4961 1475
4962 1616
4963 1675
4964 1723
4965 1822
4966 1143
4967 1194
4968 2011
4969 1282
4970 1272
4971 1362
4972 1489
4973 0894
4974 1625
4975 0958
4976 0938
4977 1052
4978 1140
4979 1156
4980 1284
4981 1351
4982 1498
4983 1331
4984 1381
4985 1434
4986 1538
4987 1584
4988 1670
4989 1049
4990 1891
4991 1158
4992 1205
4993 1404
4994 1221
4995 1321
4996 1381
4997 1469
4998 1507
4999 0970
5000 1663
Average  1531
Min  0821
Max  5268
END