1 1767
2 1770
3 1147
4 1191
5 1288
6 1284
7 1348
8 1491
9 1515
10 1552
11 1599
12 1334
13 1387
14 1361
15 1360
16 1503
17 1530
18 1604
19 1642
20 1755
21 1760
22 1841
23 1929
24 1991
25 1292
26 1362
27 1273
28 1301
29 1434
30 1515
31 1461
32 1511
33 1532
34 1675
35 1703
36 1718
37 1140
38 1146
39 1285
40 1332
41 1392
42 1332
43 1324
44 1518
45 1621
46 1253
47 1646
48 1396
49 1475
50 1542
51 1554
52 1647
53 1621
54 1709
55 1758
56 1798
57 1196
58 1320
59 2030
60 1982
61 2119
62 1337
63 1339
64 1318
65 1371
66 1445
67 1464
68 1588
69 1666
70 1013
71 1175
72 1815
73 1268
74 4314
75 2911
76 2249
77 1565
78 1281
79 1400
80 1231
81 1293
82 1411
83 1423
84 1452
85 1555
86 1635
87 1154
88 1781
89 1171
90 1905
91 1294
92 1504
93 1422
94 1325
95 1522
96 1438
97 1370
98 1359
99 1494
100 1501
101 1593
102 1682
103 1720
104 1844
105 1179
106 1953
107 2028
108 2096
109 1497
110 1322
111 1379
112 1405
113 1448
114 1569
115 1070
116 1181
117 1081
118 1140
119 1189
120 1248
121 1674
122 1816
123 1177
124 1264
125 1320
126 1443
127 1396
128 1516
129 1278
130 1371
131 1402
132 1513
133 1624
134 1709
135 1682
136 1721
137 1772
138 1892
139 1991
140 2018
141 1989
142 1298
143 2321
144 1198
145 1354
146 1368
147 1491
148 1585
149 1531
150 1683
151 1796
152 1158
153 1165
154 1228
155 1220
156 1272
157 1367
158 1297
159 1352
160 1498
161 1205
162 1336
163 1386
164 1411
165 1498
166 1524
167 1598
168 1657
169 1752
170 1702
171 1870
172 1868
173 1930
174 2034
175 2055
176 2103
177 2193
178 1339
179 1384
180 1479
181 1495
182 1562
183 1625
184 1713
185 1225
186 1100
187 1263
188 1298
189 1420
190 1454
191 1486
192 1560
193 1255
194 1360
195 1506
196 1446
197 1546
198 1643
199 1865
200 1730
201 1821
202 1870
203 2025
204 1999
205 2037
206 2103
207 2248
208 1312
209 1303
210 1322
211 1378
212 1468
213 1506
214 1513
215 1680
216 1099
217 1133
218 1109
219 1880
220 1263
221 1598
222 1434
223 1543
224 1558
225 1283
226 1354
227 1516
228 1523
229 4004
230 2643
231 1749
232 1214
233 1368
234 1386
235 1291
236 1386
237 1387
238 1518
239 1842
240 1292
241 1353
242 1257
243 1228
244 1430
245 1389
246 1424
247 1239
248 1341
249 1405
250 1543
251 1557
252 1622
253 1715
254 1753
255 1805
256 1882
257 1932
258 2020
259 2091
260 1286
261 1270
262 1329
263 1430
264 1460
265 0990
266 1043
267 1667
268 1746
269 1205
270 1254
271 1347
272 1419
273 1423
274 1561
275 1526
276 1260
277 1301
278 1324
279 1393
280 1478
281 1493
282 1549
283 1674
284 1765
285 1833
286 1909
287 1869
288 1967
289 2015
290 2061
291 2010
292 2060
293 1259
294 1269
295 1320
296 1318
297 1448
298 1690
299 1544
300 1639
301 1109
302 1774
303 1160
304 1162
305 1181
306 1167
307 1275
308 1402
309 1232
310 1248
311 1301
312 1441
313 1528
314 1603
315 1600
316 1795
317 1841
318 1891
319 1948
320 2053
321 2099
322 1237
323 2212
324 1315
325 1396
326 1490
327 0928
328 0914
329 1715
330 1100
331 1190
332 1103
333 1218
334 1345
335 1545
336 1250
337 1242
338 1318
339 1473
340 1539
341 1618
342 1671
343 1772
344 1838
345 1930
346 1204
347 2079
348 2162
349 1235
350 1453
351 1403
352 1374
353 1505
354 1570
355 0861
356 1038
357 0914
358 1818
359 1078
360 1168
361 1225
362 1312
363 1383
364 1250
365 1265
366 1422
367 1511
368 1630
369 1642
370 1753
371 1833
372 1919
373 2006
374 2012
375 2112
376 1214
377 1327
378 1324
379 1448
380 1488
381 0906
382 1036
383 1084
384 1041
385 1121
386 1168
387 1346
388 1313
389 1218
390 1260
391 1381
392 1459
393 1480
394 1550
395 1555
396 1635
397 1726
398 1793
399 1864
400 1962
401 1395
402 1334
403 2185
404 1315
405 1364
406 1501
407 1517
408 0926
409 1053
410 1013
411 1046
412 1141
413 1360
414 1292
415 4632
416 3145
417 2387
418 1401
419 1236
420 1046
421 1644
422 1709
423 1838
424 1893
425 2003
426 2044
427 1295
428 1223
429 1336
430 1368
431 1467
432 1549
433 1052
434 1070
435 1024
436 1059
437 1209
438 1271
439 1338
440 1328
441 1432
442 1258
443 1336
444 1392
445 1451
446 1545
447 1694
448 1631
449 1734
450 1781
451 1863
452 1203
453 1996
454 1253
455 1308
456 2121
457 2210
458 1296
459 1360
460 1484
461 1574
462 1003
463 0978
464 1724
465 0979
466 1110
467 1172
468 1196
469 1244
470 1266
471 1303
472 1363
473 1386
474 1295
475 1409
476 1421
477 1497
478 1557
479 1623
480 1667
481 1738
482 1834
483 1918
484 1949
485 2019
486 2080
487 2210
488 1308
489 1388
490 1478
491 1453
492 1538
493 1599
494 1016
495 1100
496 1061
497 1220
498 1145
499 1226
500 1220
501 1367
502 1463
503 1293
504 1405
505 1352
506 1413
507 1494
508 1698
509 1595
510 1668
511 1746
512 1760
513 1914
514 1983
515 1957
516 1990
517 2016
518 2230
519 1856
520 1910
521 2035
522 2062
523 1341
524 1354
525 2266
526 1268
527 1372
528 1410
529 1528
530 1590
531 0941
532 0966
533 1731
534 1095
535 1178
536 1168
537 1208
538 1365
539 1420
540 1531
541 1422
542 1514
543 1288
544 1339
545 1413
546 1496
547 1549
548 1652
549 1691
550 1796
551 1853
552 1208
553 1122
554 1152
555 1246
556 2158
557 1442
558 1337
559 1449
560 1448
561 1486
562 1623
563 0922
564 1070
565 1017
566 1093
567 1203
568 1133
569 1114
570 1314
571 1383
572 1409
573 1707
574 1248
575 1367
576 1479
577 1512
578 1527
579 1660
580 1740
581 1826
582 1889
583 1895
584 1218
585 2045
586 2030
587 1911
588 2007
589 2034
590 2100
591 2172
592 1244
593 1369
594 2308
595 1414
596 1487
597 1619
598 0960
599 0968
600 1204
601 4742
602 3448
603 2305
604 2013
605 1414
606 1329
607 2046
608 1405
609 1221
610 1282
611 1360
612 1414
613 1501
614 1474
615 1530
616 1033
617 1063
618 1757
619 1795
620 1219
621 1278
622 1309
623 1395
624 1438
625 1212
626 1305
627 1332
628 1361
629 1470
630 1573
631 1633
632 1622
633 1640
634 1696
635 1821
636 1884
637 1965
638 2012
639 2106
640 2150
641 2206
642 1254
643 1391
644 1428
645 1545
646 1596
647 1589
648 1697
649 1727
650 1072
651 1174
652 1316
653 1346
654 1414
655 1447
656 1514
657 1576
658 1596
659 1381
660 1589
661 1641
662 1577
663 1656
664 1629
665 3130
666 1374
667 1368
668 1417
669 1447
670 1527
671 1593
672 1708
673 1856
674 1740
675 1727
676 1828
677 1847
678 1931
679 1978
680 2006
681 1993
682 1972
683 1955
684 1953
685 2037
686 2104
687 2108
688 2166
689 1332
690 1345
691 1413
692 1479
693 1506
694 0919
695 1053
696 1712
697 1747
698 1793
699 1223
700 1381
701 1261
702 1511
703 1449
704 1524
705 1552
706 1261
707 1362
708 1454
709 1448
710 1537
711 1742
712 1648
713 1292
714 1329
715 1337
716 1438
717 1467
718 1551
719 1604
720 1666
721 1736
722 1833
723 1849
724 1885
725 1905
726 1986
727 2021
728 1141
729 1401
730 1229
731 1329
732 1355
733 1353
734 1395
735 1512
736 1605
737 0966
738 0946
739 1689
740 1711
741 1022
742 0997
743 1049
744 1159
745 1194
746 1245
747 1281
748 1389
749 1229
750 1305
751 1333
752 1360
753 1552
754 1481
755 1635
756 1700
757 1717
758 0998
759 1855
760 1974
761 1950
762 2164
763 2012
764 2107
765 1399
766 2237
767 1322
768 1342
769 1376
770 1458
771 1476
772 1572
773 0935
774 0954
775 0982
776 0985
777 1041
778 1225
779 1171
780 1261
781 1318
782 1418
783 1250
784 1277
785 1306
786 3883
787 2835
788 1579
789 1549
790 1179
791 1789
792 1805
793 1130
794 1093
795 2014
796 2035
797 2153
798 1238
799 1314
800 1396
801 1418
802 1480
803 1528
804 1591
805 1018
806 1043
807 1039
808 1102
809 1178
810 1248
811 1319
812 1359
813 1416
814 1406
815 1315
816 1383
817 1436
818 1520
819 1630
820 1652
821 1661
822 1741
823 1842
824 1950
825 2006
826 2072
827 2148
828 1253
829 1305
830 1339
831 1385
832 1503
833 1582
834 0969
835 1673
836 0988
837 1778
838 1051
839 1184
840 1191
841 1279
842 1391
843 1414
844 1249
845 1350
846 1378
847 1452
848 1525
849 1615
850 1700
851 1744
852 1812
853 1916
854 1241
855 2026
856 2152
857 2157
858 1238
859 1339
860 1383
861 1459
862 1558
863 0914
864 0967
865 0978
866 1184
867 1075
868 1138
869 1194
870 1235
871 1382
872 1414
873 1285
874 1333
875 1358
876 1476
877 1517
878 1601
879 2516
880 1747
881 1805
882 1884
883 1928
884 1991
885 2084
886 2136
887 1230
888 1301
889 1343
890 1398
891 1450
892 1510
893 1643
894 1003
895 1046
896 1021
897 1127
898 0988
899 1054
900 1883
901 1175
902 1214
903 1274
904 1317
905 1376
906 1392
907 1263
908 1288
909 1348
910 1418
911 1548
912 1500
913 1585
914 1679
915 1742
916 1813
917 1948
918 1861
919 1949
920 2048
921 2152
922 1241
923 1299
924 1358
925 1372
926 1531
927 1529
928 0894
929 1694
930 0949
931 1034
932 1146
933 1189
934 1265
935 1324
936 1356
937 1204
938 1283
939 1379
940 1340
941 1494
942 1578
943 1665
944 1735
945 1821
946 1863
947 1892
948 1175
949 1920
950 1993
951 1190
952 2184
953 1239
954 1323
955 1305
956 1415
957 1463
958 1573
959 0934
960 0978
961 0935
962 1011
963 1113
964 1205
965 1218
966 1244
967 1360
968 1432
969 1234
970 1369
971 1362
972 3682
973 2677
974 1484
975 1420
976 1031
977 1587
978 0903
979 1090
980 1095
981 1087
982 1086
983 1125
984 1193
985 1367
986 1543
987 1411
988 1429
989 1300
990 1317
991 1454
992 1489
993 1605
994 1706
995 1696
996 1744
997 1834
998 1849
999 1934
1000 1986
1001 1218
1002 1328
1003 2354
1004 1244
1005 1271
1006 1358
1007 1394
1008 1485
1009 1590
1010 0961
1011 1000
1012 0963
1013 1031
1014 1121
1015 1134
1016 1232
1017 1285
1018 1342
1019 1459
1020 1464
1021 1488
1022 1280
1023 1393
1024 1399
1025 1440
1026 1522
1027 1539
1028 1645
1029 1708
1030 1835
1031 1169
1032 1897
1033 1085
1034 1995
1035 2066
1036 2150
1037 1255
1038 1312
1039 1359
1040 1445
1041 1431
1042 1562
1043 1560
1044 1024
1045 1013
1046 1194
1047 1141
1048 1052
1049 1153
1050 1291
1051 1358
1052 1290
1053 1481
1054 1586
1055 1270
1056 1331
1057 1401
1058 1616
1059 1578
1060 1722
1061 1688
1062 1758
1063 1835
1064 1935
1065 1955
1066 2043
1067 2125
1068 2132
1069 1288
1070 1377
1071 1455
1072 1720
1073 1612
1074 0952
1075 1092
1076 1745
1077 1821
1078 1196
1079 1229
1080 1286
1081 1467
1082 1520
1083 1487
1084 1209
1085 1358
1086 1405
1087 1414
1088 1459
1089 1554
1090 1616
1091 1799
1092 1788
1093 1779
1094 1166
1095 1907
1096 1993
1097 2112
1098 2078
1099 1477
1100 2228
1101 1304
1102 1299
1103 1400
1104 1539
1105 1562
1106 1611
1107 1671
1108 1263
1109 1154
1110 1261
1111 1112
1112 1286
1113 1450
1114 1422
1115 1490
1116 1272
1117 1327
1118 1447
1119 1479
1120 1511
1121 1670
1122 1636
1123 1728
1124 1769
1125 5391
1126 4345
1127 2929
1128 2110
1129 1649
1130 1638
1131 1243
1132 1368
1133 1385
1134 1521
1135 1589
1136 1697
1137 1737
1138 1820
1139 1854
1140 1915
1141 2025
1142 1968
1143 2044
1144 2015
1145 2097
1146 2172
1147 1253
1148 1311
1149 1330
1150 1479
1151 1439
1152 1509
1153 1661
1154 1115
1155 1213
1156 1832
1157 1801
1158 1950
1159 1299
1160 1422
1161 1402
1162 1504
1163 1478
1164 1247
1165 1315
1166 1413
1167 1479
1168 1509
1169 1645
1170 1758
1171 1782
1172 1823
1173 1822
1174 2050
1175 1990
1176 1280
1177 2159
1178 2165
1179 2225
1180 1318
1181 1401
1182 1522
1183 0913
1184 1665
1185 1744
1186 1127
1187 1182
1188 1196
1189 1366
1190 1341
1191 1415
1192 1466
1193 1500
1194 1333
1195 1381
1196 1521
1197 1590
1198 1663
1199 1729
1200 1809
1201 1878
1202 1977
1203 2083
1204 2049
1205 1989
1206 1995
1207 2034
1208 2147
1209 1488
1210 1247
1211 1400
1212 1449
1213 1495
1214 1511
1215 1561
1216 1021
1217 1726
1218 1859
1219 1798
1220 1207
1221 1336
1222 1364
1223 1437
1224 1493
1225 1436
1226 1308
1227 1443
1228 1543
1229 1570
1230 1670
1231 1704
1232 1650
1233 1733
1234 2098
1235 1913
1236 1955
1237 1987
1238 2014
1239 2053
1240 2079
1241 2108
1242 2195
1243 1960
1244 1243
1245 2095
1246 2156
1247 1272
1248 1324
1249 1350
1250 1412
1251 1459
1252 1499
1253 1555
1254 1695
1255 1735
1256 1815
1257 1225
1258 1272
1259 1284
1260 1394
1261 1405
1262 1384
1263 1256
1264 1296
1265 1329
1266 1369
1267 1483
1268 1557
1269 1554
1270 1692
1271 1782
1272 1808
1273 1949
1274 1958
1275 1962
1276 2151
1277 2107
1278 1386
1279 1351
1280 1295
1281 1407
1282 1395
1283 1499
1284 1483
1285 1570
1286 1023
1287 1097
1288 1195
1289 1869
1290 1276
1291 1306
1292 1350
1293 1443
1294 1353
1295 1435
1296 1250
1297 1349
1298 1432
1299 1464
1300 1539
1301 1677
1302 1745
1303 1772
1304 1857
1305 1240
1306 1979
1307 2005
1308 1957
1309 1345
1310 4112
1311 3059
1312 2212
1313 1262
1314 1440
1315 1552
1316 1533
1317 1616
1318 1669
1319 1727
1320 1215
1321 1895
1322 1974
1323 2036
1324 1449
1325 1328
1326 1260
1327 1321
1328 1534
1329 1427
1330 1473
1331 1555
1332 1632
1333 1026
1334 1542
1335 1609
1336 1688
1337 1727
1338 1132
1339 1192
1340 1170
1341 1256
1342 1337
1343 1432
1344 1525
1345 1240
1346 1345
1347 1479
1348 1498
1349 1538
1350 1681
1351 1729
1352 1795
1353 1893
1354 1275
1355 1259
1356 1272
1357 1240
1358 1317
1359 1412
1360 1662
1361 1587
1362 1644
1363 1754
1364 1743
1365 1288
1366 1240
1367 1413
1368 1347
1369 1488
1370 1559
1371 1303
1372 1447
1373 1416
1374 1508
1375 1517
1376 1586
1377 1700
1378 1800
1379 1868
1380 1367
1381 1251
1382 2098
1383 1413
1384 1281
1385 1427
1386 1362
1387 1384
1388 1497
1389 1585
1390 1009
1391 1655
1392 1753
1393 1245
1394 1847
1395 1430
1396 1421
1397 1634
1398 1229
1399 1245
1400 1347
1401 1432
1402 1595
1403 1598
1404 1714
1405 1771
1406 1791
1407 1844
1408 1254
1409 1933
1410 1986
1411 2152
1412 1289
1413 1236
1414 1393
1415 1407
1416 1514
1417 1053
1418 1633
1419 1721
1420 1771
1421 1104
1422 1347
1423 1266
1424 1371
1425 1604
1426 1526
1427 1602
1428 1349
1429 1432
1430 1527
1431 1607
1432 1644
1433 1747
1434 1818
1435 1846
1436 1897
1437 1959
1438 1361
1439 1207
1440 1270
1441 1313
1442 1401
1443 1451
1444 1585
1445 1616
1446 1610
1447 1676
1448 1751
1449 1236
1450 1179
1451 1272
1452 1426
1453 1459
1454 1488
1455 1322
1456 1388
1457 1444
1458 1574
1459 1656
1460 1718
1461 1807
1462 1172
1463 1993
1464 2024
1465 2063
1466 2108
1467 2149
1468 1233
1469 1336
1470 1405
1471 1481
1472 1556
1473 1054
1474 1055
1475 1783
1476 1218
1477 1259
1478 1204
1479 1344
1480 1506
1481 1588
1482 1518
1483 1248
1484 1336
1485 1408
1486 1481
1487 1526
1488 1608
1489 1659
1490 1756
1491 1833
1492 1847
1493 1932
1494 1967
1495 2053
1496 1201
1497 3844
1498 3093
1499 1668
1500 1213
1501 1540
1502 1389
1503 1443
1504 1556
1505 1583
1506 1664
1507 1723
1508 1758
1509 1875
1510 1905
1511 1971
1512 2050
1513 1244
1514 2080
1515 1261
1516 1318
1517 1344
1518 1433
1519 1442
1520 1588
1521 1034
1522 1772
1523 1753
1524 1838
1525 1204
1526 1287
1527 1337
1528 1411
1529 1458
1530 1498
1531 1258
1532 1389
1533 1498
1534 1468
1535 1713
1536 1683
1537 1769
1538 1768
1539 1796
1540 1855
1541 1900
1542 1994
1543 2006
1544 1202
1545 2134
1546 1327
1547 1316
1548 1374
1549 1415
1550 1544
1551 1562
1552 1620
1553 1700
1554 1744
1555 1247
1556 1250
1557 1260
1558 1304
1559 1407
1560 1466
1561 1426
1562 1257
1563 1364
1564 1418
1565 1491
1566 1587
1567 1232
1568 1293
1569 1505
1570 1444
1571 1533
1572 1575
1573 1652
1574 1644
1575 1740
1576 1801
1577 1132
1578 1182
1579 2030
1580 2133
1581 1383
1582 1294
1583 1313
1584 1420
1585 1467
1586 1511
1587 1100
1588 1685
1589 1640
1590 1001
1591 1077
1592 1096
1593 1238
1594 1174
1595 1375
1596 1517
1597 1414
1598 1265
1599 1330
1600 1430
1601 1467
1602 1445
1603 1615
1604 1663
1605 1767
1606 1819
1607 1848
1608 1972
1609 1998
1610 1274
1611 2125
1612 2164
1613 1315
1614 1349
1615 1379
1616 1366
1617 1517
1618 1782
1619 0950
1620 1577
1621 1655
1622 1014
1623 2673
1624 2058
1625 1174
1626 1201
1627 1210
1628 1282
1629 1353
1630 1400
1631 1255
1632 1318
1633 1362
1634 1468
1635 1543
1636 1575
1637 1452
1638 1713
1639 1553
1640 1632
1641 1701
1642 1707
1643 1757
1644 1783
1645 1936
1646 1895
1647 1914
1648 1967
1649 2009
1650 2199
1651 4131
1652 3023
1653 2268
1654 1786
1655 1340
1656 1391
1657 1408
1658 1452
1659 1518
1660 1597
1661 1623
1662 1635
1663 1693
1664 1822
1665 1815
1666 1929
1667 1325
1668 2099
1669 2187
1670 1275
1671 1288
1672 1376
1673 1422
1674 1545
1675 1587
1676 1624
1677 1725
1678 1097
1679 1237
1680 1178
1681 1231
1682 1321
1683 1411
1684 1317
1685 1356
1686 1429
1687 1470
1688 1576
1689 1639
1690 1633
1691 1057
1692 1150
1693 1922
1694 1943
1695 1218
1696 2093
1697 1220
1698 1252
1699 1341
1700 1373
1701 1503
1702 1599
1703 1782
1704 1159
1705 1775
1706 0995
1707 1191
1708 1185
1709 1348
1710 1305
1711 1426
1712 1522
1713 1473
1714 1315
1715 1378
1716 1408
1717 1509
1718 1515
1719 1575
1720 1712
1721 1270
1722 1324
1723 1369
1724 1461
1725 1568
1726 1623
1727 1690
1728 1726
1729 1828
1730 1237
1731 1130
1732 1973
1733 2128
1734 1960
1735 2027
1736 2079
1737 1382
1738 1271
1739 1333
1740 1750
1741 1785
1742 1930
1743 2032
1744 1974
1745 2026
1746 2020
1747 2085
1748 2136
1749 1231
1750 1367
1751 1412
1752 1494
1753 1562
1754 1587
1755 1693
1756 1140
1757 1244
1758 1794
1759 1887
1760 1251
1761 1337
1762 1499
1763 1440
1764 1527
1765 1253
1766 1317
1767 1337
1768 1460
1769 1549
1770 1611
1771 1661
1772 1702
1773 1779
1774 1858
1775 1244
1776 1322
1777 1979
1778 2029
1779 1362
1780 1282
1781 1290
1782 1374
1783 1480
1784 1515
1785 1552
1786 1104
1787 1202
1788 1788
1789 1924
1790 1340
1791 1299
1792 1521
1793 1440
1794 1526
1795 1611
1796 1271
1797 1372
1798 1457
1799 1502
1800 1582
1801 1621
1802 1691
1803 1768
1804 1840
1805 1858
1806 1301
1807 1996
1808 2108
1809 2157
1810 1434
1811 1255
1812 1310
1813 1452
1814 1441
1815 1601
1816 1062
1817 1201
1818 1836
1819 1849
1820 1905
1821 1895
1822 1283
1823 1385
1824 1718
1825 1505
1826 1619
1827 1291
1828 1370
1829 1488
1830 1556
1831 1659
1832 1691
1833 1770
1834 1919
1835 2000
1836 4994
1837 3572
1838 2468
1839 1333
1840 1261
1841 1387
1842 1449
1843 1496
1844 1083
1845 1729
1846 1719
1847 1273
1848 1927
1849 1318
1850 1338
1851 1525
1852 1583
1853 1331
1854 1374
1855 1424
1856 1484
1857 1584
1858 1698
1859 1790
1860 1810
1861 1179
1862 1999
1863 1381
1864 1350
1865 1246
1866 1346
1867 1410
1868 1527
1869 1577
1870 1063
1871 1784
1872 1146
1873 1943
1874 1393
1875 1368
1876 1508
1877 1407
1878 1485
1879 1531
1880 1345
1881 1427
1882 1535
1883 1583
1884 1633
1885 1743
1886 1814
1887 1917
1888 1307
1889 1417
1890 2160
1891 1223
1892 1462
1893 1384
1894 1489
1895 1600
1896 0994
1897 1026
1898 1115
1899 1081
1900 1268
1901 1919
1902 1283
1903 1350
1904 1518
1905 1191
1906 1243
1907 1343
1908 1416
1909 1533
1910 1562
1911 1658
1912 1781
1913 1862
1914 1209
1915 2028
1916 2014
1917 2057
1918 2122
1919 2132
1920 1439
1921 1296
1922 1442
1923 1476
1924 1528
1925 1580
1926 0993
1927 1184
1928 1747
1929 1914
1930 1344
1931 1491
1932 1534
1933 1220
1934 1235
1935 1297
1936 1427
1937 1487
1938 1608
1939 1687
1940 1732
1941 1768
1942 1815
1943 1893
1944 1940
1945 1282
1946 2125
1947 1210
1948 1451
1949 1409
1950 1458
1951 1526
1952 1558
1953 0984
1954 1706
1955 1836
1956 1383
1957 1284
1958 1331
1959 1387
1960 1424
1961 1557
1962 1226
1963 1360
1964 1381
1965 1506
1966 1560
1967 1685
1968 1715
1969 1753
1970 1761
1971 1802
1972 1882
1973 1266
1974 2074
1975 2107
1976 1420
1977 1272
1978 1382
1979 1387
1980 1444
1981 1524
1982 1638
1983 0953
1984 1107
1985 1759
1986 1823
1987 1196
1988 1272
1989 1395
1990 1383
1991 1596
1992 4637
1993 3230
1994 2153
1995 1350
1996 1611
1997 1552
1998 1620
1999 1678
2000 1726
2001 1873
2002 1893
2003 2020
2004 1392
2005 1359
2006 1295
2007 1330
2008 1408
2009 1483
2010 1573
2011 1610
2012 1618
2013 0984
2014 1105
2015 1769
2016 1196
2017 1303
2018 1370
2019 1425
2020 1494
2021 1316
2022 1339
2023 1411
2024 1463
2025 1611
2026 1602
2027 1693
2028 1779
2029 1820
2030 1749
2031 1849
2032 1906
2033 1247
2034 1262
2035 2078
2036 1361
2037 1417
2038 1360
2039 1417
2040 1511
2041 1544
2042 1547
2043 1024
2044 1806
2045 1808
2046 1879
2047 1248
2048 1391
2049 1378
2050 1376
2051 1557
2052 1653
2053 1356
2054 1345
2055 1464
2056 1486
2057 1607
2058 1604
2059 1718
2060 1797
2061 1948
2062 1254
2063 1230
2064 2043
2065 2126
2066 1414
2067 1284
2068 1396
2069 1408
2070 1560
2071 1563
2072 1639
2073 1064
2074 1248
2075 1802
2076 1776
2077 1248
2078 1255
2079 1350
2080 1430
2081 1468
2082 1610
2083 1286
2084 1332
2085 1411
2086 1494
2087 1767
2088 1613
2089 1696
2090 1713
2091 1749
2092 1844
2093 1882
2094 1254
2095 1326
2096 2123
2097 1434
2098 1291
2099 1316
2100 1360
2101 1350
2102 1440
2103 1706
2104 0924
2105 0899
2106 0942
2107 1803
2108 1244
2109 1104
2110 1300
2111 1408
2112 1467
2113 1605
2114 1523
2115 1327
2116 1374
2117 1453
2118 1479
2119 1536
2120 1640
2121 1698
2122 1774
2123 1862
2124 1960
2125 1945
2126 1200
2127 2062
2128 2035
2129 2122
2130 1237
2131 1339
2132 1397
2133 1403
2134 1563
2135 1628
2136 0951
2137 0998
2138 1098
2139 1086
2140 1151
2141 1226
2142 1270
2143 1267
2144 1441
2145 1488
2146 1326
2147 1321
2148 1463
2149 1473
2150 1538
2151 1588
2152 1671
2153 1743
2154 1786
2155 1923
2156 1928
2157 2001
2158 2106
2159 2140
2160 1234
2161 1288
2162 1364
2163 1511
2164 1533
2165 0928
2166 0974
2167 1101
2168 1734
2169 1805
2170 1210
2171 1260
2172 1366
2173 1366
2174 1437
2175 1630
2176 1360
2177 1414
2178 4826
2179 3845
2180 2444
2181 1621
2182 1596
2183 1699
2184 1791
2185 1197
2186 1371
2187 1273
2188 1272
2189 1474
2190 1436
2191 1517
2192 1287
2193 1309
2194 1369
2195 1497
2196 1537
2197 1536
2198 1634
2199 1704
2200 1858
2201 1888
2202 1990
2203 1984
2204 2088
2205 1958
2206 2214
2207 1194
2208 2097
2209 1477
2210 1312
2211 1362
2212 1438
2213 1499
2214 1583
2215 1562
2216 0975
2217 1677
2218 1749
2219 1886
2220 1357
2221 1298
2222 1398
2223 1471
2224 1495
2225 1506
2226 1278
2227 1293
2228 1370
2229 1472
2230 1524
2231 1541
2232 1591
2233 1670
2234 1748
2235 1789
2236 1890
2237 1996
2238 2007
2239 2103
2240 1496
2241 1270
2242 1346
2243 1450
2244 1433
2245 1480
2246 1589
2247 1646
2248 1737
2249 1797
2250 1235
2251 1122
2252 1197
2253 1229
2254 1372
2255 1408
2256 1220
2257 1287
2258 1543
2259 1424
2260 1492
2261 1598
2262 1620
2263 1700
2264 1122
2265 1846
2266 1915
2267 1963
2268 2000
2269 1174
2270 2173
2271 1364
2272 1356
2273 1407
2274 1457
2275 1527
2276 1577
2277 0941
2278 1043
2279 1004
2280 1078
2281 1205
2282 1175
2283 1295
2284 1297
2285 1374
2286 1392
2287 1321
2288 1361
2289 1506
2290 1540
2291 1639
2292 1704
2293 1751
2294 1763
2295 1866
2296 1982
2297 2013
2298 1231
2299 2133
2300 1236
2301 1334
2302 1363
2303 1409
2304 1499
2305 1581
2306 1670
2307 1235
2308 1056
2309 1136
2310 1300
2311 1174
2312 1393
2313 1323
2314 1448
2315 1332
2316 1335
2317 1392
2318 1466
2319 1549
2320 1618
2321 1582
2322 1763
2323 1773
2324 1897
2325 1182
2326 1965
2327 2065
2328 1337
2329 1233
2330 1306
2331 1415
2332 1471
2333 5027
2334 3975
2335 2531
2336 1660
2337 1707
2338 1252
2339 1852
2340 1243
2341 2032
2342 2102
2343 1277
2344 1372
2345 1299
2346 1319
2347 1346
2348 1409
2349 1531
2350 1562
2351 1017
2352 1078
2353 1769
2354 1053
2355 1125
2356 1228
2357 1319
2358 1393
2359 1394
2360 1235
2361 1325
2362 1410
2363 1395
2364 1486
2365 1557
2366 1735
2367 1703
2368 1736
2369 1822
2370 1880
2371 1116
2372 2070
2373 2085
2374 1249
2375 1299
2376 1376
2377 1471
2378 1548
2379 1577
2380 1660
2381 1699
2382 1073
2383 1175
2384 1264
2385 1383
2386 1420
2387 1572
2388 1285
2389 1333
2390 1461
2391 1481
2392 1600
2393 1647
2394 1807
2395 1114
2396 1863
2397 1955
2398 2017
2399 1426
2400 1314
2401 1306
2402 1237
2403 1352
2404 1394
2405 1478
2406 1520
2407 1084
2408 1111
2409 1825
2410 1159
2411 1254
2412 1299
2413 1365
2414 1395
2415 1494
2416 1208
2417 1308
2418 1409
2419 1483
2420 1562
2421 1642
2422 1700
2423 1745
2424 1871
2425 1941
2426 1991
2427 2031
2428 2148
2429 1253
2430 1340
2431 1427
2432 1420
2433 1493
2434 1585
2435 1627
2436 1186
2437 1170
2438 1133
2439 1289
2440 1327
2441 1410
2442 1419
2443 1587
2444 1300
2445 1431
2446 1498
2447 1537
2448 1663
2449 1068
2450 1853
2451 1825
2452 1256
2453 1390
2454 2067
2455 2154
2456 1483
2457 1346
2458 1460
2459 1472
2460 1562
2461 1591
2462 1022
2463 1717
2464 1827
2465 1988
2466 1262
2467 1359
2468 1368
2469 1455
2470 1530
2471 1333
2472 1366
2473 1478
2474 1515
2475 1612
2476 1690
2477 1733
2478 1804
2479 1844
2480 1180
2481 1263
2482 1997
2483 2095
2484 1396
2485 1227
2486 1367
2487 1445
2488 1421
2489 1557
2490 0977
2491 1679
2492 1783
2493 1203
2494 1293
2495 1240
2496 1389
2497 1432
2498 1497
2499 1548
2500 1271
2501 1285
2502 1425
2503 1499
2504 1505
2505 1574
2506 1584
2507 1668
2508 1754
2509 1895
2510 1946
2511 1177
2512 1972
2513 1977
2514 2005
2515 1373
2516 2178
2517 1440
2518 1353
2519 1415
2520 4331
2521 2993
2522 1924
2523 1708
2524 1765
2525 1289
2526 1878
2527 1314
2528 1355
2529 2048
2530 2106
2531 2199
2532 1228
2533 1313
2534 1357
2535 1422
2536 1459
2537 1553
2538 1609
2539 1094
2540 1121
2541 1216
2542 1819
2543 1926
2544 1251
2545 1340
2546 1407
2547 1384
2548 1462
2549 1516
2550 1234
2551 1325
2552 1380
2553 1477
2554 1584
2555 1568
2556 1578
2557 1633
2558 1692
2559 1768
2560 1843
2561 1155
2562 2005
2563 1952
2564 1981
2565 1368
2566 2052
2567 2106
2568 2366
2569 1290
2570 1360
2571 1430
2572 1462
2573 1547
2574 1576
2575 1642
2576 1737
2577 1120
2578 1157
2579 1222
2580 1217
2581 1294
2582 1402
2583 1459
2584 1402
2585 1271
2586 1286
2587 1434
2588 1439
2589 1494
2590 1586
2591 1620
2592 1706
2593 1736
2594 1716
2595 1801
2596 1980
2597 1994
2598 1263
2599 2142
2600 1262
2601 1311
2602 1388
2603 1437
2604 1524
2605 1615
2606 1661
2607 1623
2608 1694
2609 1844
2610 1187
2611 1299
2612 1357
2613 1417
2614 1517
2615 1280
2616 1352
2617 1384
2618 1454
2619 1526
2620 1758
2621 1637
2622 1673
2623 1095
2624 1883
2625 1909
2626 1982
2627 2098
2628 2155
2629 1282
2630 1314
2631 1393
2632 1450
2633 1510
2634 1620
2635 1652
2636 1643
2637 1087
2638 1290
2639 1819
2640 1206
2641 1311
2642 1378
2643 1426
2644 1507
2645 1254
2646 1305
2647 1360
2648 1536
2649 1445
2650 1524
2651 1572
2652 1621
2653 1734
2654 1811
2655 2531
2656 2019
2657 2149
2658 2003
2659 2065
2660 2124
2661 2178
2662 2175
2663 1251
2664 1315
2665 1349
2666 1407
2667 1462
2668 1552
2669 1681
2670 1108
2671 1089
2672 1274
2673 1189
2674 1220
2675 1348
2676 1379
2677 1399
2678 1436
2679 1450
2680 1202
2681 1352
2682 1376
2683 1446
2684 1560
2685 1641
2686 1611
2687 1626
2688 1709
2689 1767
2690 1791
2691 1924
2692 1933
2693 2035
2694 2125
2695 2147
2696 2179
2697 1352
2698 1377
2699 1455
2700 1578
2701 1656
2702 1814
2703 1761
2704 1168
2705 1205
2706 3374
2707 2455
2708 2056
2709 1551
2710 1665
2711 1226
2712 1360
2713 1438
2714 1497
2715 1514
2716 1579
2717 1619
2718 1725
2719 1768
2720 1856
2721 1909
2722 1967
2723 1328
2724 2013
2725 2108
2726 1237
2727 1276
2728 1279
2729 1341
2730 1429
2731 1531
2732 1512
2733 1608
2734 1645
2735 1077
2736 1786
2737 1191
2738 1226
2739 1293
2740 1315
2741 1433
2742 1446
2743 1449
2744 1285
2745 1312
2746 1384
2747 1431
2748 1493
2749 1538
2750 1630
2751 1820
2752 1716
2753 1809
2754 1815
2755 1889
2756 1305
2757 1159
2758 2118
2759 1286
2760 1315
2761 1421
2762 1458
2763 1488
2764 1488
2765 1531
2766 0997
2767 1670
2768 1018
2769 1064
2770 1140
2771 1168
2772 1280
2773 1304
2774 1256
2775 1607
2776 1386
2777 2194
2778 1482
2779 1331
2780 1389
2781 1437
2782 1425
2783 1463
2784 1530
2785 1650
2786 1686
2787 1809
2788 1908
2789 1969
2790 2006
2791 2030
2792 2113
2793 2159
2794 1281
2795 1308
2796 1365
2797 1468
2798 1504
2799 1605
2800 1638
2801 1687
2802 1237
2803 1858
2804 1456
2805 1367
2806 1409
2807 1376
2808 1283
2809 1310
2810 1306
2811 1411
2812 1478
2813 1581
2814 1693
2815 1727
2816 1919
2817 1886
2818 2013
2819 1246
2820 2111
2821 2210
2822 1297
2823 1386
2824 1404
2825 1489
2826 1597
2827 1728
2828 1209
2829 1128
2830 1307
2831 1305
2832 1357
2833 1399
2834 1496
2835 1537
2836 1334
2837 1407
2838 1435
2839 1543
2840 1669
2841 1733
2842 1802
2843 1851
2844 1940
2845 1994
2846 2034
2847 2071
2848 2133
2849 1364
2850 1269
2851 1370
2852 1425
2853 1464
2854 1555
2855 1009
2856 1754
2857 1753
2858 1330
2859 1195
2860 1401
2861 1428
2862 1556
2863 1570
2864 1392
2865 1351
2866 1488
2867 1534
2868 1608
2869 1607
2870 1741
2871 1738
2872 1823
2873 1218
2874 1923
2875 2039
2876 2097
2877 1463
2878 1325
2879 1396
2880 1423
2881 1543
2882 0955
2883 1672
2884 1758
2885 1314
2886 1132
2887 1426
2888 1491
2889 1491
2890 1557
2891 1282
2892 3847
2893 2444
2894 1608
2895 1624
2896 1175
2897 1825
2898 1839
2899 1949
2900 2005
2901 2125
2902 2150
2903 1285
2904 1302
2905 1374
2906 1470
2907 1563
2908 1666
2909 1114
2910 1017
2911 1198
2912 1147
2913 1464
2914 1418
2915 1428
2916 1269
2917 1280
2918 1386
2919 1442
2920 1510
2921 1605
2922 1610
2923 1756
2924 1846
2925 1867
2926 1971
2927 1995
2928 2078
2929 2333
2930 1246
2931 1331
2932 1457
2933 1496
2934 1574
2935 0976
2936 1773
2937 1044
2938 1134
2939 1212
2940 1267
2941 1307
2942 1395
2943 1440
2944 1330
2945 1420
2946 1509
2947 1574
2948 1604
2949 1697
2950 1799
2951 1868
2952 1892
2953 1953
2954 2018
2955 2067
2956 2205
2957 1293
2958 1368
2959 1376
2960 1503
2961 1615
2962 1638
2963 1732
2964 1060
2965 1163
2966 1126
2967 1219
2968 1296
2969 1405
2970 1256
2971 1358
2972 1302
2973 1451
2974 1491
2975 1576
2976 1629
2977 1643
2978 1081
2979 1868
2980 1941
2981 2140
2982 2040
2983 2111
2984 1435
2985 1281
2986 1334
2987 1388
2988 1496
2989 0890
2990 1578
2991 1646
2992 1058
2993 1012
2994 1196
2995 1171
2996 1211
2997 1408
2998 1447
2999 1559
3000 1269
3001 1335
3002 1470
3003 1516
3004 1546
3005 1670
3006 1743
3007 1850
3008 1844
3009 1903
3010 1846
3011 1970
3012 2067
3013 2100
3014 2104
3015 1222
3016 1368
3017 1424
3018 1454
3019 1548
3020 1605
3021 1679
3022 0993
3023 1829
3024 1218
3025 1254
3026 1265
3027 1275
3028 1347
3029 1502
3030 1527
3031 1225
3032 1304
3033 1567
3034 1443
3035 1580
3036 1579
3037 1697
3038 1723
3039 1811
3040 1888
3041 1938
3042 1993
3043 2069
3044 2159
3045 2129
3046 2211
3047 1259
3048 2313
3049 1457
3050 1899
3051 1609
3052 1085
3053 1192
3054 1808
3055 1831
3056 1201
3057 1224
3058 1340
3059 1325
3060 1332
3061 1401
3062 1464
3063 1255
3064 1313
3065 1316
3066 1440
3067 1518
3068 1614
3069 1637
3070 1575
3071 1696
3072 1715
3073 1790
3074 1802
3075 1910
3076 1992
3077 4503
3078 3513
3079 2201
3080 1280
3081 1302
3082 1596
3083 1447
3084 1530
3085 1641
3086 1733
3087 1751
3088 1788
3089 1872
3090 1949
3091 1921
3092 1980
3093 2028
3094 2147
3095 1357
3096 1255
3097 1237
3098 1372
3099 1443
3100 1456
3101 1602
3102 0864
3103 1168
3104 1131
3105 1209
3106 1112
3107 1282
3108 1312
3109 1491
3110 1522
3111 1248
3112 1331
3113 1339
3114 1409
3115 1489
3116 1547
3117 1653
3118 1734
3119 1826
3120 1827
3121 1973
3122 1907
3123 2048
3124 1086
3125 2031
3126 2115
3127 2044
3128 1323
3129 2190
3130 1267
3131 1364
3132 1393
3133 1555
3134 1546
3135 1045
3136 0936
3137 1131
3138 1070
3139 1233
3140 1286
3141 1308
3142 1345
3143 1489
3144 1574
3145 1215
3146 1359
3147 1414
3148 1488
3149 1557
3150 1575
3151 1564
3152 1639
3153 1744
3154 1819
3155 1815
3156 1212
3157 1949
3158 2035
3159 2110
3160 1346
3161 1269
3162 1277
3163 1391
3164 1403
3165 1508
3166 1599
3167 1701
3168 1091
3169 1233
3170 1148
3171 1418
3172 1328
3173 1395
3174 1405
3175 1529
3176 1616
3177 1282
3178 1345
3179 1394
3180 1430
3181 1549
3182 1588
3183 1639
3184 1718
3185 1729
3186 1791
3187 1884
3188 1309
3189 1257
3190 2136
3191 1344
3192 1288
3193 1300
3194 1373
3195 1469
3196 1540
3197 1578
3198 1628
3199 1199
3200 1281
3201 1803
3202 1906
3203 1939
3204 1487
3205 1380
3206 1493
3207 1544
3208 1563
3209 1302
3210 1386
3211 1476
3212 1469
3213 1558
3214 1596
3215 1659
3216 1720
3217 1869
3218 1905
3219 1992
3220 1988
3221 1285
3222 1308
3223 2131
3224 2086
3225 1413
3226 1268
3227 1373
3228 1455
3229 1439
3230 1525
3231 1539
3232 1082
3233 1702
3234 1756
3235 1221
3236 1256
3237 1359
3238 2148
3239 1332
3240 1469
3241 1469
3242 1524
3243 3399
3244 1514
3245 1505
3246 1568
3247 1623
3248 1658
3249 1311
3250 1359
3251 1401
3252 1530
3253 1522
3254 1762
3255 1696
3256 1721
3257 1758
3258 2073
3259 1854
3260 2742
3261 1965
3262 5419
3263 3905
3264 3089
3265 1556
3266 1583
3267 1546
3268 1749
3269 1354
3270 1326
3271 1379
3272 1432
3273 1538
3274 1665
3275 1678
3276 1745
3277 1796
3278 1892
3279 1912
3280 1967
3281 1949
3282 2008
3283 1266
3284 1328
3285 1377
3286 1332
3287 1374
3288 1401
3289 1449
3290 1550
3291 1600
3292 1678
3293 1103
3294 1744
3295 1870
3296 1405
3297 1322
3298 1332
3299 1385
3300 1463
3301 1250
3302 1325
3303 1356
3304 1460
3305 1573
3306 1579
3307 1630
3308 1627
3309 1695
3310 1821
3311 1841
3312 1206
3313 1969
3314 1969
3315 2028
3316 1371
3317 2069
3318 2155
3319 1309
3320 1333
3321 1404
3322 1448
3323 1538
3324 1577
3325 1659
3326 1700
3327 1768
3328 1213
3329 1283
3330 1278
3331 1367
3332 1358
3333 1444
3334 1522
3335 1274
3336 1304
3337 1386
3338 1455
3339 1516
3340 1570
3341 1585
3342 1875
3343 1743
3344 1798
3345 1136
3346 1981
3347 2046
3348 2088
3349 2106
3350 2147
3351 1254
3352 1315
3353 1327
3354 1390
3355 1471
3356 1569
3357 1617
3358 1018
3359 1658
3360 1762
3361 1771
3362 1167
3363 1271
3364 1362
3365 1399
3366 1476
3367 1497
3368 1254
3369 1339
3370 1426
3371 1439
3372 1521
3373 1618
3374 1704
3375 1807
3376 1834
3377 1878
3378 1985
3379 2070
3380 2116
3381 2187
3382 1298
3383 1396
3384 1482
3385 1633
3386 1592
3387 1636
3388 1732
3389 1181
3390 1273
3391 1260
3392 1334
3393 1507
3394 1593
3395 1550
3396 1242
3397 1314
3398 1415
3399 1475
3400 1526
3401 1605
3402 1702
3403 1780
3404 1857
3405 1841
3406 1195
3407 1949
3408 1977
3409 2045
3410 1340
3411 1321
3412 2100
3413 1257
3414 1398
3415 1415
3416 1528
3417 4562
3418 3424
3419 2184
3420 1772
3421 1354
3422 1940
3423 1937
3424 1398
3425 2100
3426 1233
3427 1334
3428 1392
3429 1459
3430 1533
3431 1634
3432 1747
3433 1768
3434 1277
3435 1302
3436 1370
3437 1359
3438 1375
3439 1458
3440 1565
3441 1252
3442 1307
3443 1382
3444 1497
3445 1499
3446 1582
3447 1661
3448 1745
3449 1835
3450 1819
3451 1895
3452 2010
3453 2038
3454 2072
3455 1337
3456 1256
3457 1310
3458 1402
3459 1497
3460 1478
3461 1011
3462 1747
3463 1791
3464 1111
3465 1264
3466 1289
3467 1439
3468 1434
3469 1491
3470 1293
3471 1487
3472 1462
3473 1469
3474 1563
3475 1675
3476 1676
3477 1720
3478 1786
3479 1896
3480 2019
3481 2325
3482 1363
3483 1238
3484 1349
3485 1391
3486 1461
3487 1544
3488 1597
3489 1191
3490 1764
3491 1782
3492 2884
3493 1474
3494 1331
3495 1615
3496 1543
3497 1463
3498 1243
3499 1350
3500 1407
3501 1431
3502 1478
3503 1599
3504 1663
3505 1779
3506 1876
3507 1877
3508 1241
3509 1936
3510 2068
3511 1381
3512 1187
3513 1270
3514 1379
3515 1418
3516 1473
3517 1541
3518 1060
3519 1697
3520 1790
3521 1043
3522 1952
3523 1370
3524 1370
3525 1435
3526 1517
3527 1247
3528 1348
3529 1376
3530 1505
3531 1586
3532 1653
3533 1680
3534 1779
3535 1795
3536 1910
3537 1973
3538 1252
3539 2018
3540 1413
3541 1241
3542 1337
3543 1356
3544 1411
3545 1509
3546 1565
3547 1649
3548 0890
3549 1051
3550 1797
3551 1121
3552 1145
3553 1246
3554 1293
3555 1382
3556 1470
3557 1329
3558 1345
3559 1388
3560 1396
3561 1499
3562 1560
3563 1717
3564 1752
3565 1783
3566 1906
3567 1990
3568 2037
3569 1437
3570 2157
3571 1344
3572 1245
3573 1406
3574 1376
3575 1468
3576 1524
3577 1621
3578 1008
3579 0972
3580 1058
3581 1159
3582 1192
3583 1244
3584 1317
3585 1268
3586 1374
3587 1554
3588 1241
3589 1311
3590 1369
3591 1402
3592 1519
3593 1539
3594 1610
3595 1741
3596 1809
3597 1818
3598 1891
3599 1908
3600 2031
3601 1251
3602 2107
3603 5111
3604 3717
3605 2746
3606 1806
3607 1424
3608 1462
3609 1596
3610 1654
3611 1010
3612 1104
3613 1095
3614 1140
3615 1215
3616 1268
3617 1290
3618 1423
3619 1283
3620 1374
3621 1470
3622 1496
3623 1546
3624 1654
3625 1756
3626 1725
3627 1708
3628 1753
3629 1759
3630 1821
3631 1865
3632 1961
3633 1180
3634 1219
3635 2073
3636 2123
3637 1431
3638 1327
3639 1589
3640 1390
3641 1644
3642 1711
3643 1788
3644 1734
3645 1832
3646 1166
3647 1925
3648 2111
3649 1267
3650 1501
3651 1266
3652 1477
3653 1369
3654 1486
3655 0973
3656 1579
3657 1653
3658 1109
3659 1108
3660 1131
3661 1164
3662 1249
3663 1368
3664 1400
3665 1396
3666 1409
3667 1509
3668 1259
3669 1376
3670 1410
3671 2117
3672 1557
3673 1598
3674 1683
3675 1754
3676 1761
3677 1830
3678 1944
3679 1989
3680 2058
3681 2134
3682 1447
3683 1239
3684 1347
3685 1413
3686 1409
3687 1454
3688 1462
3689 1578
3690 1080
3691 1048
3692 1743
3693 1831
3694 1177
3695 1247
3696 1296
3697 1321
3698 1413
3699 1398
3700 1505
3701 1631
3702 1354
3703 1372
3704 1403
3705 1411
3706 1504
3707 1501
3708 1548
3709 1647
3710 1644
3711 1695
3712 1742
3713 1816
3714 1895
3715 1965
3716 2012
3717 2042
3718 1318
3719 1354
3720 1311
3721 1321
3722 1292
3723 1366
3724 1389
3725 1380
3726 1513
3727 1503
3728 1546
3729 1648
3730 1055
3731 1074
3732 1800
3733 1174
3734 1282
3735 1362
3736 1124
3737 1013
3738 1928
3739 1162
3740 1212
3741 1250
3742 1339
3743 1364
3744 1458
3745 1347
3746 1409
3747 1478
3748 1596
3749 1669
3750 1715
3751 1808
3752 1106
3753 1127
3754 2028
3755 1295
3756 1217
3757 1299
3758 1352
3759 1472
3760 1459
3761 1493
3762 1606
3763 1649
3764 1042
3765 1310
3766 1046
3767 1295
3768 1186
3769 1242
3770 1312
3771 1519
3772 1570
3773 1458
3774 1313
3775 1410
3776 1447
3777 1489
3778 1532
3779 1690
3780 1732
3781 1761
3782 1834
3783 1292
3784 2001
3785 2055
3786 2112
3787 2188
3788 1288
3789 3858
3790 2708
3791 1437
3792 1545
3793 1328
3794 1749
3795 1801
3796 1857
3797 1893
3798 2030
3799 1218
3800 2113
3801 2169
3802 1296
3803 1330
3804 1459
3805 1489
3806 1526
3807 1051
3808 1728
3809 1763
3810 1824
3811 1287
3812 2443
3813 1300
3814 1386
3815 1395
3816 1487
3817 1262
3818 1305
3819 1429
3820 1452
3821 1527
3822 1576
3823 1661
3824 1762
3825 1793
3826 1919
3827 2054
3828 2042
3829 2110
3830 2142
3831 1217
3832 1376
3833 1353
3834 1474
3835 1592
3836 0952
3837 1108
3838 1765
3839 1160
3840 1287
3841 1319
3842 1380
3843 1360
3844 1491
3845 1562
3846 1315
3847 1378
3848 1446
3849 1565
3850 1572
3851 1601
3852 1728
3853 1825
3854 1910
3855 1928
3856 1993
3857 2056
3858 2199
3859 2136
3860 2168
3861 1533
3862 1464
3863 1487
3864 1486
3865 1603
3866 1630
3867 1714
3868 1105
3869 1116
3870 1870
3871 1258
3872 1325
3873 1436
3874 1481
3875 1546
3876 1320
3877 1360
3878 1434
3879 1484
3880 1526
3881 1586
3882 1636
3883 1745
3884 1801
3885 1813
3886 1882
3887 1968
3888 2007
3889 2046
3890 2143
3891 2198
3892 1282
3893 1297
3894 1326
3895 1496
3896 1555
3897 1649
3898 1702
3899 1751
3900 1208
3901 1957
3902 1283
3903 1327
3904 1349
3905 1423
3906 1487
3907 1571
3908 1334
3909 1475
3910 1653
3911 1573
3912 1607
3913 1694
3914 1798
3915 1847
3916 1904
3917 1967
3918 2049
3919 2106
3920 2215
3921 1431
3922 1353
3923 1389
3924 1560
3925 1519
3926 1615
3927 1660
3928 1127
3929 1233
3930 1191
3931 1339
3932 1345
3933 1605
3934 1491
3935 1247
3936 1339
3937 1327
3938 1420
3939 1489
3940 1616
3941 1738
3942 1763
3943 1728
3944 1046
3945 1908
3946 2089
3947 2063
3948 1355
3949 1258
3950 1348
3951 1354
3952 1379
3953 1517
3954 1608
3955 1032
3956 0993
3957 1113
3958 1054
3959 1261
3960 1073
3961 1147
3962 1362
3963 1471
3964 1432
3965 1508
3966 1249
3967 1268
3968 1370
3969 1465
3970 1534
3971 1621
3972 1666
3973 1765
3974 1808
3975 4334
3976 3379
3977 2067
3978 2175
3979 1234
3980 1240
3981 1368
3982 1441
3983 1523
3984 1620
3985 1684
3986 1725
3987 1809
3988 1832
3989 1885
3990 1160
3991 2031
3992 2170
3993 1242
3994 1306
3995 1348
3996 1511
3997 1483
3998 1567
3999 0933
4000 1009
4001 0972
4002 1174
4003 1189
4004 1180
4005 1331
4006 1425
4007 1570
4008 1248
4009 1309
4010 1455
4011 1541
4012 1643
4013 1671
4014 1765
4015 1852
4016 1825
4017 1957
4018 1997
4019 2171
4020 1200
4021 1324
4022 1457
4023 1477
4024 1610
4025 1596
4026 0874
4027 0963
4028 1044
4029 1083
4030 1163
4031 1226
4032 1314
4033 1360
4034 1227
4035 1300
4036 1333
4037 1372
4038 1474
4039 1559
4040 1575
4041 1690
4042 1732
4043 1844
4044 1905
4045 2028
4046 1292
4047 2144
4048 2226
4049 1322
4050 1351
4051 1421
4052 1478
4053 1579
4054 0959
4055 0970
4056 1804
4057 1053
4058 1203
4059 1192
4060 1294
4061 1319
4062 1437
4063 1441
4064 1603
4065 1307
4066 1362
4067 1419
4068 1483
4069 1535
4070 1617
4071 1730
4072 1812
4073 1880
4074 1143
4075 2011
4076 2128
4077 1244
4078 1480
4079 1362
4080 1469
4081 1450
4082 1538
4083 1572
4084 0895
4085 1787
4086 1843
4087 1105
4088 1164
4089 1245
4090 1324
4091 1371
4092 1426
4093 1263
4094 1357
4095 1423
4096 1485
4097 1488
4098 1596
4099 1671
4100 1701
4101 1758
4102 1909
4103 1974
4104 1219
4105 1417
4106 2160
4107 2197
4108 1297
4109 1333
4110 1386
4111 1446
4112 1565
4113 0835
4114 1053
4115 0965
4116 1144
4117 1185
4118 1201
4119 1255
4120 1443
4121 1525
4122 1256
4123 1336
4124 1370
4125 1488
4126 1597
4127 1666
4128 1721
4129 1793
4130 1855
4131 1974
4132 2003
4133 2027
4134 2090
4135 2185
4136 1235
4137 1315
4138 1389
4139 1397
4140 1487
4141 1545
4142 1613
4143 0975
4144 1036
4145 1110
4146 1071
4147 1110
4148 1106
4149 1177
4150 1328
4151 1351
4152 1502
4153 1563
4154 1320
4155 1378
4156 1413
4157 1464
4158 1612
4159 1623
4160 1691
4161 4711
4162 3850
4163 2348
4164 1877
4165 1530
4166 1276
4167 1434
4168 2227
4169 1427
4170 1328
4171 1449
4172 1487
4173 1593
4174 1356
4175 1358
4176 1478
4177 1619
4178 1536
4179 0949
4180 0888
4181 0943
4182 1849
4183 1138
4184 1168
4185 1274
4186 1270
4187 1385
4188 1392
4189 1379
4190 1649
4191 1265
4192 1390
4193 1413
4194 1490
4195 1556
4196 1603
4197 1675
4198 1858
4199 1677
4200 1727
4201 1786
4202 1931
4203 2004
4204 1241
4205 1366
4206 2057
4207 2031
4208 2123
4209 1324
4210 1256
4211 1308
4212 2233
4213 1305
4214 1284
4215 1340
4216 1369
4217 1487
4218 1490
4219 1489
4220 1690
4221 1584
4222 1642
4223 0874
4224 1682
4225 1805
4226 1042
4227 1037
4228 1941
4229 1355
4230 1420
4231 1419
4232 1430
4233 1493
4234 1405
4235 1501
4236 1213
4237 1537
4238 1380
4239 1364
4240 1485
4241 1545
4242 1641
4243 1611
4244 1726
4245 1723
4246 1819
4247 1219
4248 1940
4249 1948
4250 2000
4251 2100
4252 1436
4253 1249
4254 1318
4255 1416
4256 1490
4257 1402
4258 1475
4259 1544
4260 1621
4261 1653
4262 1734
4263 1241
4264 1254
4265 1225
4266 1287
4267 1413
4268 1453
4269 1536
4270 1474
4271 1270
4272 1336
4273 1472
4274 1486
4275 1536
4276 1590
4277 1664
4278 1728
4279 1139
4280 1269
4281 1880
4282 2005
4283 1449
4284 1366
4285 1266
4286 1297
4287 1337
4288 1361
4289 1490
4290 1540
4291 1000
4292 1191
4293 1761
4294 1109
4295 1214
4296 1374
4297 1355
4298 1401
4299 1565
4300 1231
4301 1342
4302 1339
4303 1364
4304 1500
4305 1544
4306 1630
4307 1686
4308 1751
4309 1694
4310 1780
4311 1770
4312 1834
4313 2013
4314 2075
4315 2074
4316 1465
4317 2219
4318 1285
4319 1351
4320 1394
4321 1475
4322 1557
4323 1667
4324 1604
4325 0861
4326 1224
4327 1184
4328 1114
4329 1256
4330 2006
4331 1402
4332 1486
4333 1546
4334 1309
4335 1337
4336 1414
4337 1488
4338 1567
4339 1550
4340 1725
4341 1715
4342 1137
4343 1878
4344 2008
4345 1397
4346 1497
4347 3573
4348 2274
4349 1256
4350 1288
4351 1431
4352 1583
4353 1581
4354 1626
4355 1676
4356 1742
4357 1804
4358 1836
4359 1936
4360 1352
4361 2083
4362 2096
4363 2115
4364 1525
4365 1332
4366 1404
4367 1477
4368 1488
4369 1585
4370 1621
4371 1660
4372 1139
4373 1801
4374 1219
4375 1356
4376 1310
4377 1391
4378 1503
4379 1505
4380 1285
4381 1389
4382 1351
4383 1464
4384 1595
4385 1627
4386 1620
4387 1770
4388 1854
4389 1982
4390 1921
4391 1999
4392 2004
4393 2117
4394 1247
4395 1338
4396 1326
4397 1427
4398 1522
4399 1564
4400 0952
4401 0999
4402 1048
4403 1134
4404 1193
4405 1272
4406 1344
4407 1462
4408 1451
4409 1547
4410 1297
4411 1329
4412 1479
4413 1562
4414 1634
4415 1706
4416 1782
4417 1860
4418 1912
4419 2010
4420 1917
4421 2005
4422 2068
4423 2021
4424 2043
4425 2146
4426 1239
4427 1281
4428 1356
4429 1462
4430 1560
4431 1560
4432 1661
4433 1752
4434 1113
4435 1237
4436 1228
4437 1282
4438 1433
4439 1566
4440 1239
4441 1296
4442 1332
4443 1555
4444 1545
4445 1647
4446 1736
4447 1861
4448 1869
4449 1135
4450 1999
4451 2034
4452 2132
4453 1221
4454 1259
4455 1334
4456 1480
4457 1593
4458 0923
4459 0984
4460 1069
4461 1162
4462 1201
4463 1939
4464 1357
4465 1434
4466 1528
4467 1271
4468 1301
4469 1365
4470 1478
4471 1531
4472 1583
4473 1699
4474 1725
4475 1738
4476 2008
4477 1917
4478 1969
4479 1428
4480 2152
4481 1290
4482 1246
4483 1345
4484 1344
4485 1489
4486 1521
4487 1646
4488 1694
4489 1801
4490 1150
4491 1176
4492 1191
4493 1334
4494 1346
4495 1576
4496 1502
4497 1295
4498 1367
4499 1410
4500 1564
4501 1631
4502 1736
4503 1776
4504 1872
4505 1930
4506 1985
4507 2034
4508 2142
4509 2178
4510 1238
4511 1369
4512 1408
4513 1542
4514 1571
4515 1634
4516 1793
4517 1124
4518 1247
4519 1246
4520 1289
4521 1385
4522 1493
4523 1502
4524 1602
4525 1371
4526 1420
4527 1465
4528 1698
4529 1619
4530 1404
4531 3924
4532 2814
4533 1643
4534 1263
4535 1268
4536 1994
4537 1206
4538 2008
4539 1220
4540 2059
4541 1213
4542 1274
4543 1387
4544 1530
4545 1545
4546 1604
4547 1654
4548 1753
4549 1219
4550 1193
4551 1256
4552 1435
4553 1510
4554 1381
4555 1263
4556 1393
4557 1419
4558 1380
4559 1549
4560 1529
4561 1641
4562 1711
4563 1828
4564 1849
4565 1928
4566 1263
4567 2049
4568 2116
4569 2172
4570 1289
4571 1510
4572 1359
4573 1610
4574 1537
4575 1027
4576 1110
4577 1119
4578 1198
4579 1882
4580 1367
4581 1371
4582 1417
4583 1461
4584 1498
4585 1229
4586 1271
4587 1367
4588 1491
4589 1500
4590 1495
4591 1550
4592 1588
4593 1680
4594 1687
4595 1749
4596 1803
4597 1934
4598 1964
4599 2136
4600 2131
4601 1230
4602 1257
4603 1324
4604 1370
4605 1494
4606 1534
4607 1572
4608 1682
4609 1696
4610 1120
4611 1840
4612 1230
4613 1313
4614 1410
4615 1449
4616 1562
4617 1249
4618 1300
4619 1526
4620 1416
4621 1495
4622 1537
4623 1596
4624 1688
4625 1758
4626 1836
4627 1867
4628 1974
4629 1924
4630 1311
4631 2199
4632 2139
4633 2106
4634 1539
4635 1239
4636 1359
4637 1422
4638 1404
4639 1507
4640 1615
4641 1031
4642 1710
4643 1753
4644 1785
4645 1254
4646 1188
4647 1329
4648 1335
4649 1376
4650 1449
4651 1461
4652 1421
4653 1282
4654 1290
4655 1367
4656 1389
4657 1475
4658 1593
4659 1619
4660 1689
4661 1656
4662 1756
4663 1762
4664 1803
4665 1811
4666 1917
4667 2016
4668 2061
4669 2034
4670 2149
4671 1200
4672 1317
4673 1405
4674 1520
4675 1520
4676 1592
4677 1069
4678 1079
4679 1140
4680 1199
4681 1244
4682 1246
4683 1458
4684 1388
4685 1473
4686 3633
4687 2663
4688 1360
4689 1419
4690 1502
4691 1560
4692 1564
4693 1639
4694 1680
4695 1763
4696 1872
4697 1882
4698 1150
4699 2016
4700 2121
4701 2111
4702 1228
4703 1303
4704 1438
4705 1484
4706 1472
4707 1903
4708 1655
4709 1077
4710 1135
4711 1182
4712 1960
4713 1135
4714 1261
4715 1299
4716 1392
4717 1437
4718 1226
4719 1286
4720 1378
4721 1400
4722 1568
4723 1576
4724 1611
4725 1661
4726 1763
4727 1817
4728 1030
4729 1955
4730 1983
4731 2024
4732 1206
4733 2163
4734 1238
4735 1305
4736 1362
4737 1511
4738 1567
4739 1600
4740 0986
4741 1650
4742 1714
4743 1108
4744 1216
4745 1114
4746 1234
4747 1292
4748 1298
4749 1333
4750 1264
4751 1347
4752 1416
4753 1435
4754 1496
4755 1615
4756 1681
4757 1787
4758 1770
4759 1811
4760 1145
4761 1948
4762 2029
4763 1312
4764 1250
4765 1322
4766 1412
4767 1458
4768 1498
4769 0999
4770 1707
4771 1727
4772 1005
4773 1151
4774 1202
4775 1164
4776 1254
4777 1291
4778 1379
4779 1312
4780 1428
4781 1352
4782 1433
4783 1573
4784 1641
4785 1614
4786 1863
4787 1817
4788 1868
4789 1171
4790 2023
4791 2105
4792 1239
4793 1268
4794 1307
4795 1357
4796 1462
4797 1548
4798 1629
4799 1209
4800 1020
4801 1794
4802 1931
4803 1204
4804 1224
4805 1304
4806 1376
4807 1295
4808 1457
4809 1380
4810 1427
4811 1489
4812 1489
4813 1594
4814 1667
4815 1797
4816 1824
4817 1892
4818 1953
4819 2000
4820 2101
4821 2177
4822 1271
4823 1326
4824 1404
4825 1512
4826 1549
4827 1599
4828 1678
4829 1065
4830 1814
4831 1886
4832 1236
4833 1328
4834 1444
4835 1399
4836 1399
4837 1315
4838 1565
4839 1437
4840 1538
4841 1593
4842 1667
4843 1724
4844 1817
4845 1844
4846 1893
4847 1988
4848 2078
4849 2145
4850 1265
4851 1318
4852 1401
4853 1434
4854 1512
4855 1560
4856 1605
4857 1106
4858 1062
4859 1794
4860 1963
4861 1207
4862 1280
4863 1333
4864 1430
4865 1492
4866 1231
4867 1348
4868 1531
4869 1548
4870 1627
4871 1679
4872 4126
4873 3024
4874 1873
4875 1433
4876 1450
4877 2125
4878 1387
4879 2181
4880 1399
4881 1309
4882 1408
4883 1447
4884 1553
4885 1709
4886 1085
4887 1742
4888 1132
4889 1860
4890 1872
4891 1393
4892 1272
4893 1454
4894 1437
4895 1470
4896 1479
4897 1518
4898 1338
4899 1358
4900 1490
4901 1508
4902 1575
4903 1688
4904 1815
4905 1787
4906 1884
4907 1179
4908 2002
4909 2060
4910 2140
4911 1509
4912 1315
4913 1378
4914 1427
4915 1522
4916 0911
4917 0993
4918 1033
4919 1139
4920 1119
4921 1270
4922 1421
4923 1476
4924 1453
4925 1553
4926 1347
4927 1454
4928 1515
4929 1557
4930 1584
4931 1678
4932 1778
4933 1837
4934 1951
4935 2008
4936 1986
4937 2153
4938 1266
4939 1298
4940 1329
4941 1374
4942 1495
4943 1561
4944 1646
4945 1057
4946 1856
4947 1277
4948 1178
4949 1345
4950 1418
4951 1472
4952 1528
4953 1250
4954 1384
4955 1426
4956 1468
4957 1604
4958 1698
4959 1773
4960 1827
4961 1923
4962 1363
4963 2039
4964 2121
4965 2203
4966 2239
4967 1299
4968 1432
4969 1466
4970 1530
4971 1003
4972 0991
4973 1136
4974 1199
4975 1083
4976 1271
4977 1361
4978 1466
4979 1468
4980 1256
4981 1317
4982 1424
4983 1485
4984 1625
4985 1656
4986 1718
4987 1821
4988 1848
4989 1937
4990 1982
4991 2094
4992 2216
4993 2101
4994 1208
4995 1277
4996 1378
4997 1409
4998 1479
4999 1543
5000 0937
Average  1552
Min  0835
Max  5419
END