1 1305
2 1328
3 1361
4 1456
5 0974
6 1621
7 1684
8 1716
9 1130
10 1100
11 1255
12 1296
13 1305
14 1368
15 1423
16 1288
17 1374
18 1459
19 1532
20 1629
21 1067
22 1737
23 1779
24 1194
25 1113
26 1959
27 1971
28 2066
29 1364
30 2230
31 1331
32 1338
33 1479
34 1482
35 1004
36 1631
37 0929
38 0981
39 0995
40 1104
41 1215
42 1286
43 1348
44 1207
45 1214
46 1307
47 1383
48 1489
49 1563
50 1665
51 1711
52 1843
53 1902
54 1905
55 1981
56 2009
57 2151
58 1481
59 1312
60 1405
61 1475
62 1596
63 0886
64 1033
65 0936
66 1019
67 1126
68 1224
69 1266
70 1386
71 1522
72 1313
73 1294
74 1391
75 1483
76 1515
77 1644
78 1698
79 1791
80 1842
81 1924
82 1997
83 1300
84 1367
85 5153
86 3234
87 1315
88 0991
89 1547
90 1109
91 1686
92 1060
93 0968
94 1160
95 1219
96 1330
97 1391
98 1253
99 1333
100 1408
101 1427
102 1558
103 1619
104 0879
105 1804
106 0978
107 1260
108 1088
109 1199
110 1303
111 1261
112 1300
113 1326
114 1359
115 1489
116 1528
117 0952
118 1048
119 0895
120 0994
121 1060
122 1239
123 1182
124 1335
125 1424
126 1451
127 1262
128 1307
129 1391
130 1450
131 1604
132 1708
133 1769
134 1793
135 1852
136 1929
137 2020
138 2073
139 2126
140 2181
141 1254
142 2217
143 1276
144 1330
145 1413
146 1508
147 1559
148 1603
149 1686
150 0927
151 0973
152 1109
153 1217
154 1338
155 1317
156 1425
157 1213
158 1338
159 1436
160 1486
161 1565
162 1607
163 1686
164 1767
165 1879
166 1091
167 2010
168 1997
169 2062
170 1252
171 1205
172 2163
173 1313
174 1379
175 1386
176 1611
177 1527
178 1655
179 0998
180 1078
181 0907
182 0962
183 1062
184 1121
185 1339
186 1396
187 1413
188 1247
189 1442
190 1351
191 1393
192 1535
193 1601
194 1633
195 1720
196 1803
197 1880
198 1847
199 1125
200 2012
201 2110
202 2144
203 1243
204 1310
205 1395
206 1468
207 1027
208 0994
209 1669
210 1788
211 1152
212 1088
213 1266
214 1373
215 1439
216 1456
217 1212
218 1280
219 1377
220 1409
221 1518
222 1465
223 1493
224 1524
225 1658
226 1737
227 1804
228 1186
229 1202
230 1216
231 2086
232 1316
233 1284
234 1300
235 1387
236 1489
237 1515
238 0924
239 1062
240 1654
241 1039
242 1118
243 1206
244 1459
245 1415
246 1333
247 1223
248 1283
249 1329
250 1427
251 1521
252 1525
253 1588
254 1594
255 1686
256 1767
257 1813
258 0936
259 1083
260 1144
261 1091
262 1149
263 1306
264 1359
265 1211
266 1220
267 1319
268 1460
269 1496
270 1744
271 1043
272 4037
273 2110
274 1298
275 0907
276 1360
277 1285
278 1998
279 1350
280 1465
281 2250
282 1276
283 1332
284 1514
285 1461
286 1517
287 1024
288 1017
289 0901
290 0937
291 0942
292 1179
293 1208
294 1300
295 1332
296 1467
297 1511
298 1451
299 1242
300 1339
301 1421
302 1481
303 1517
304 1538
305 1601
306 1729
307 1751
308 1822
309 1911
310 1923
311 1983
312 2043
313 2108
314 1239
315 1283
316 1394
317 1478
318 1489
319 1563
320 0881
321 1675
322 0917
323 1064
324 1237
325 1340
326 1400
327 1472
328 1516
329 1543
330 1336
331 1539
332 1600
333 1523
334 1583
335 1596
336 2384
337 1748
338 1746
339 1766
340 1766
341 1817
342 1849
343 1959
344 2059
345 1828
346 1891
347 1965
348 1983
349 1993
350 1970
351 2008
352 2000
353 2010
354 2058
355 1943
356 2034
357 2101
358 2115
359 2058
360 2191
361 1263
362 1331
363 1346
364 1454
365 1495
366 1006
367 0997
368 0926
369 0925
370 0990
371 1124
372 1213
373 1442
374 1365
375 1467
376 1503
377 1229
378 1353
379 1420
380 1459
381 1573
382 1755
383 1731
384 1805
385 1022
386 1836
387 1026
388 1994
389 1240
390 2093
391 1230
392 1234
393 1401
394 1426
395 1567
396 1551
397 1708
398 0900
399 0961
400 1186
401 1214
402 1311
403 1393
404 1411
405 1298
406 1364
407 1456
408 1534
409 1590
410 1667
411 1748
412 1952
413 1869
414 1902
415 2022
416 2026
417 2083
418 2142
419 1282
420 1349
421 1395
422 1463
423 1464
424 1537
425 1609
426 1655
427 0902
428 0968
429 1084
430 1162
431 1171
432 1237
433 1270
434 1275
435 1409
436 1225
437 1279
438 1404
439 1404
440 1421
441 1561
442 1583
443 1594
444 1665
445 1755
446 1862
447 1054
448 1922
449 2029
450 1338
451 1297
452 1205
453 1281
454 1561
455 1358
456 1396
457 4432
458 2502
459 1424
460 1652
461 1303
462 0994
463 1079
464 1088
465 1162
466 1209
467 1286
468 1374
469 1437
470 1297
471 1338
472 1375
473 1478
474 1508
475 1575
476 1681
477 1724
478 1783
479 1882
480 1942
481 1982
482 2067
483 2122
484 2196
485 1340
486 1632
487 1381
488 1480
489 1576
490 1050
491 1725
492 0973
493 1056
494 0974
495 1048
496 1246
497 1296
498 1337
499 1393
500 1263
501 1241
502 1319
503 1435
504 1518
505 1585
506 1639
507 1673
508 1712
509 1769
510 1808
511 1092
512 1973
513 2068
514 2077
515 2154
516 1257
517 1358
518 1436
519 1499
520 1572
521 0945
522 1673
523 0915
524 0974
525 1131
526 1222
527 1337
528 1312
529 1308
530 1386
531 1269
532 1330
533 1545
534 1539
535 1532
536 1630
537 1827
538 1715
539 1803
540 1902
541 1922
542 2071
543 2101
544 2196
545 1284
546 1338
547 1369
548 1452
549 1526
550 1616
551 1515
552 0883
553 0918
554 1099
555 1148
556 1239
557 1322
558 1379
559 1245
560 1329
561 1347
562 1451
563 1507
564 1545
565 1605
566 1686
567 1783
568 1836
569 1128
570 1915
571 2002
572 2081
573 1967
574 2014
575 2085
576 1220
577 1237
578 1299
579 1397
580 1403
581 1454
582 1545
583 0977
584 1012
585 0911
586 0981
587 1159
588 1234
589 1408
590 1312
591 1399
592 1264
593 1373
594 1489
595 1512
596 1548
597 1587
598 1662
599 1684
600 1756
601 1824
602 1892
603 1941
604 1273
605 2078
606 2159
607 1255
608 1265
609 1355
610 1475
611 1477
612 1630
613 1633
614 0904
615 0888
616 1005
617 0954
618 0986
619 1221
620 1218
621 1306
622 1338
623 1417
624 1300
625 1369
626 1433
627 1441
628 1543
629 1561
630 1701
631 1753
632 1803
633 1898
634 2007
635 2081
636 2138
637 2175
638 1232
639 1346
640 1378
641 1466
642 1537
643 4498
644 2578
645 1602
646 1740
647 1368
648 1937
649 1196
650 1238
651 2069
652 2179
653 1218
654 1228
655 1339
656 1431
657 1452
658 1451
659 1553
660 0921
661 1100
662 1759
663 0989
664 1156
665 1209
666 1359
667 1315
668 1455
669 1266
670 1284
671 1359
672 1397
673 1429
674 1522
675 1776
676 1680
677 1803
678 1861
679 1918
680 1964
681 2063
682 2100
683 2178
684 1228
685 1309
686 1410
687 1461
688 1520
689 1664
690 0974
691 1130
692 1022
693 1067
694 1207
695 1257
696 1209
697 1267
698 1348
699 1390
700 1279
701 1319
702 1439
703 1543
704 1568
705 1588
706 1651
707 1727
708 1008
709 1157
710 1121
711 1989
712 1151
713 2101
714 1226
715 1267
716 1352
717 1451
718 0937
719 1576
720 1672
721 1026
722 1226
723 1076
724 1104
725 1305
726 1420
727 1321
728 1480
729 1549
730 1363
731 1339
732 1486
733 1471
734 1585
735 1643
736 0881
737 1005
738 1130
739 1132
740 1133
741 1290
742 1244
743 1330
744 1583
745 1483
746 1565
747 1015
748 1001
749 0913
750 0986
751 1180
752 1260
753 1435
754 1520
755 1501
756 1232
757 1389
758 1412
759 1404
760 1439
761 1317
762 1401
763 1578
764 1530
765 1599
766 1634
767 1695
768 1792
769 0987
770 1886
771 1305
772 2014
773 1975
774 1270
775 1334
776 1214
777 1295
778 1354
779 1385
780 1468
781 1672
782 1602
783 0989
784 1176
785 1022
786 1281
787 1257
788 1344
789 1446
790 1503
791 1284
792 1310
793 1358
794 1454
795 1486
796 1553
797 1578
798 5204
799 3273
800 1339
801 1343
802 1521
803 1521
804 1651
805 1255
806 1272
807 1440
808 1501
809 1596
810 1646
811 1712
812 0957
813 1839
814 1096
815 1962
816 1184
817 2051
818 1294
819 2176
820 1241
821 1313
822 1330
823 1477
824 1444
825 1515
826 1674
827 1080
828 1206
829 0949
830 1192
831 1170
832 1358
833 1456
834 1456
835 1534
836 1517
837 1280
838 1339
839 1423
840 1496
841 1528
842 1616
843 1717
844 1748
845 0927
846 0979
847 1003
848 1119
849 1215
850 1241
851 1301
852 1312
853 1256
854 1324
855 1424
856 1464
857 1559
858 0919
859 1817
860 1772
861 1022
862 1124
863 1253
864 1218
865 1247
866 1281
867 1421
868 1462
869 1207
870 1289
871 1341
872 1425
873 1490
874 1580
875 1666
876 1750
877 1861
878 1885
879 1922
880 2003
881 2051
882 2141
883 1484
884 1240
885 1383
886 1454
887 1538
888 1573
889 1030
890 1087
891 1181
892 1026
893 1039
894 1253
895 1372
896 1403
897 1449
898 1215
899 1457
900 1324
901 1445
902 1500
903 1606
904 1716
905 1776
906 1753
907 1842
908 1093
909 1723
910 1766
911 1826
912 0971
913 1959
914 1236
915 2082
916 1215
917 2191
918 1225
919 1356
920 1391
921 1488
922 1541
923 1571
924 0965
925 1692
926 1066
927 0992
928 1096
929 1271
930 1356
931 1323
932 1523
933 1538
934 1295
935 1316
936 1360
937 1483
938 1535
939 1565
940 1601
941 1703
942 1797
943 1799
944 1936
945 1989
946 2185
947 2182
948 2232
949 2227
950 1263
951 1354
952 1438
953 1470
954 1585
955 0947
956 1048
957 1010
958 1032
959 1116
960 1207
961 1239
962 1261
963 1341
964 1481
965 1512
966 1263
967 1283
968 1422
969 1481
970 1509
971 1602
972 1668
973 1696
974 0905
975 1902
976 1134
977 1929
978 1208
979 1387
980 1250
981 2207
982 1342
983 1280
984 4287
985 2350
986 1296
987 1417
988 1130
989 1665
990 1637
991 1704
992 1748
993 0904
994 1212
995 1132
996 1177
997 1268
998 1463
999 1247
1000 1264
1001 1311
1002 1553
1003 1445
1004 1506
1005 1591
1006 0980
1007 1094
1008 1109
1009 0943
1010 1006
1011 1134
1012 1283
1013 1287
1014 1289
1015 1467
1016 1551
1017 1325
1018 1410
1019 1414
1020 1526
1021 1660
1022 1679
1023 0913
1024 0956
1025 1025
1026 1069
1027 1217
1028 1367
1029 1255
1030 1360
1031 1372
1032 1429
1033 1502
1034 0991
1035 1110
1036 1049
1037 1106
1038 0953
1039 1085
1040 1183
1041 1424
1042 1338
1043 1476
1044 1227
1045 1289
1046 1368
1047 1402
1048 1528
1049 1526
1050 1592
1051 1670
1052 1768
1053 0999
1054 1351
1055 1169
1056 2066
1057 1257
1058 1304
1059 1274
1060 1360
1061 1289
1062 1381
1063 1495
1064 1501
1065 1045
1066 0987
1067 1185
1068 0958
1069 1354
1070 1355
1071 1586
1072 1500
1073 1658
1074 1280
1075 1358
1076 1534
1077 1520
1078 1637
1079 1738
1080 1018
1081 0971
1082 1222
1083 1212
1084 1307
1085 1241
1086 1341
1087 1281
1088 1433
1089 1442
1090 0827
1091 1078
1092 0941
1093 0964
1094 0949
1095 1144
1096 1412
1097 1352
1098 1463
1099 1226
1100 1217
1101 1278
1102 1406
1103 1484
1104 1579
1105 1658
1106 1646
1107 0871
1108 1105
1109 1124
1110 1928
1111 1128
1112 1389
1113 1235
1114 1297
1115 1341
1116 1433
1117 1478
1118 0957
1119 0971
1120 1034
1121 0931
1122 0999
1123 1127
1124 1154
1125 1345
1126 1494
1127 1531
1128 1247
1129 1411
1130 1475
1131 1532
1132 1661
1133 0827
1134 1805
1135 1098
1136 1249
1137 1070
1138 2085
1139 1323
1140 2116
1141 1277
1142 1255
1143 1343
1144 1425
1145 1507
1146 1585
1147 1083
1148 1090
1149 0945
1150 1115
1151 1169
1152 1225
1153 1354
1154 1500
1155 1603
1156 1532
1157 1272
1158 1360
1159 1466
1160 1537
1161 1574
1162 1655
1163 1710
1164 1795
1165 0993
1166 1177
1167 1103
1168 2043
1169 1310
1170 1412
1171 3580
1172 1603
1173 1298
1174 1341
1175 1173
1176 1511
1177 1530
1178 1636
1179 1687
1180 1770
1181 0903
1182 1884
1183 1114
1184 2092
1185 1301
1186 2183
1187 1263
1188 1287
1189 1317
1190 1430
1191 1482
1192 1566
1193 1560
1194 1045
1195 0922
1196 1005
1197 1074
1198 1193
1199 1261
1200 1381
1201 1438
1202 1506
1203 1549
1204 1311
1205 1365
1206 1494
1207 1612
1208 1585
1209 1825
1210 1790
1211 1862
1212 1054
1213 1939
1214 1101
1215 2064
1216 1353
1217 2195
1218 1327
1219 1420
1220 1384
1221 1469
1222 1556
1223 0843
1224 1762
1225 0980
1226 1044
1227 1281
1228 1222
1229 1287
1230 1298
1231 1407
1232 1447
1233 1258
1234 1306
1235 1375
1236 1452
1237 1582
1238 1621
1239 1696
1240 1785
1241 1808
1242 0955
1243 1193
1244 1204
1245 2066
1246 1252
1247 1260
1248 1311
1249 1376
1250 1448
1251 1538
1252 1569
1253 1624
1254 0941
1255 0959
1256 1054
1257 1221
1258 1278
1259 1286
1260 1337
1261 1339
1262 1249
1263 1341
1264 1322
1265 1410
1266 1535
1267 1587
1268 1577
1269 1746
1270 1767
1271 1827
1272 1090
1273 1939
1274 2032
1275 1968
1276 1113
1277 2046
1278 2088
1279 2182
1280 1263
1281 1316
1282 1360
1283 1488
1284 1552
1285 1602
1286 1007
1287 1788
1288 0992
1289 1076
1290 1185
1291 1210
1292 1327
1293 1382
1294 1333
1295 1393
1296 1435
1297 1278
1298 2546
1299 1420
1300 1459
1301 1511
1302 1570
1303 1708
1304 1706
1305 1746
1306 1834
1307 1863
1308 1975
1309 1851
1310 1864
1311 1149
1312 1167
1313 2041
1314 2122
1315 1488
1316 1258
1317 1326
1318 1272
1319 1373
1320 1457
1321 1488
1322 1517
1323 0936
1324 0978
1325 0940
1326 2753
1327 1336
1328 1917
1329 1435
1330 1126
1331 1353
1332 1245
1333 2173
1334 1263
1335 1399
1336 1358
1337 1471
1338 1490
1339 0981
1340 0912
1341 1763
1342 1097
1343 1209
1344 1185
1345 1191
1346 1211
1347 1455
1348 1387
1349 1241
1350 1241
1351 1328
1352 1387
1353 1519
1354 1532
1355 1585
1356 1680
1357 0949
1358 1896
1359 1096
1360 1217
1361 1277
1362 2113
1363 2184
1364 1399
1365 1328
1366 1366
1367 1419
1368 1518
1369 1522
1370 0852
1371 1025
1372 0938
1373 1014
1374 1155
1375 1201
1376 1301
1377 1475
1378 1261
1379 1437
1380 1326
1381 1369
1382 1445
1383 1520
1384 1531
1385 1721
1386 1682
1387 1782
1388 1756
1389 1804
1390 1890
1391 1999
1392 1218
1393 1308
1394 1377
1395 1288
1396 1299
1397 1381
1398 1470
1399 1581
1400 0941
1401 1007
1402 0898
1403 0928
1404 1072
1405 1214
1406 1179
1407 1297
1408 1405
1409 1446
1410 1367
1411 1335
1412 1413
1413 1544
1414 1773
1415 1549
1416 0895
1417 1742
1418 0996
1419 1039
1420 1057
1421 1137
1422 1185
1423 1137
1424 1260
1425 1268
1426 1352
1427 1443
1428 1478
1429 1513
1430 1640
1431 1137
1432 1206
1433 0900
1434 0943
1435 1199
1436 1273
1437 1436
1438 1380
1439 1463
1440 1591
1441 1260
1442 1302
1443 1411
1444 1501
1445 1569
1446 1645
1447 1677
1448 1784
1449 1872
1450 1294
1451 1348
1452 1117
1453 1231
1454 1387
1455 1299
1456 1304
1457 1395
1458 1491
1459 1510
1460 1586
1461 1119
1462 1211
1463 1013
1464 1053
1465 1276
1466 1236
1467 1451
1468 1379
1469 1438
1470 1553
1471 1524
1472 1306
1473 1394
1474 1447
1475 1496
1476 1533
1477 1617
1478 1688
1479 0995
1480 1028
1481 1047
1482 0993
1483 1181
1484 1276
1485 1314
1486 1216
1487 1262
1488 1331
1489 1327
1490 1461
1491 1599
1492 1091
1493 0970
1494 1756
1495 0912
1496 1108
1497 1144
1498 1342
1499 1502
1500 1478
1501 1268
1502 1243
1503 1309
1504 1402
1505 1474
1506 1563
1507 1568
1508 1655
1509 1763
1510 1812
1511 1034
1512 2904
1513 1433
1514 2018
1515 1553
1516 1405
1517 1272
1518 1313
1519 1574
1520 1547
1521 1541
1522 1092
1523 0908
1524 1139
1525 1157
1526 1334
1527 1389
1528 1448
1529 1549
1530 1220
1531 1299
1532 1404
1533 1518
1534 1614
1535 1636
1536 0814
1537 0911
1538 1109
1539 1172
1540 1123
1541 1250
1542 1244
1543 1355
1544 1407
1545 1462
1546 1618
1547 1696
1548 0929
1549 1081
1550 1222
1551 1382
1552 1364
1553 1452
1554 1494
1555 1314
1556 1380
1557 1498
1558 1545
1559 1601
1560 0931
1561 1774
1562 0948
1563 1280
1564 1268
1565 2113
1566 1213
1567 1370
1568 1262
1569 1363
1570 1464
1571 1638
1572 1532
1573 0948
1574 0986
1575 0994
1576 0918
1577 1162
1578 1192
1579 1371
1580 1360
1581 1399
1582 1377
1583 1215
1584 1303
1585 1330
1586 1429
1587 1535
1588 1595
1589 1694
1590 0817
1591 0981
1592 1087
1593 1133
1594 1171
1595 1326
1596 1407
1597 1319
1598 1371
1599 1432
1600 1500
1601 0926
1602 1108
1603 1675
1604 0963
1605 1097
1606 1417
1607 1453
1608 1460
1609 1466
1610 1233
1611 1366
1612 1418
1613 1559
1614 1630
1615 1642
1616 0994
1617 0971
1618 0983
1619 1051
1620 1154
1621 1227
1622 1297
1623 1382
1624 1338
1625 1406
1626 1478
1627 1518
1628 0965
1629 1675
1630 0889
1631 1358
1632 1261
1633 1293
1634 1379
1635 1423
1636 1599
1637 1242
1638 1379
1639 1413
1640 1552
1641 1637
1642 1718
1643 1736
1644 0849
1645 1786
1646 1845
1647 1930
1648 1300
1649 2112
1650 2164
1651 1297
1652 1383
1653 1454
1654 1541
1655 0999
1656 1025
1657 1059
1658 0960
1659 1065
1660 1154
1661 1178
1662 1313
1663 1395
1664 1493
1665 1532
1666 1227
1667 4279
1668 2359
1669 1438
1670 1021
1671 1297
1672 1680
1673 1745
1674 1117
1675 1856
1676 2007
1677 2006
1678 2127
1679 1502
1680 1258
1681 1338
1682 1442
1683 1532
1684 1561
1685 0936
1686 1048
1687 0905
1688 0930
1689 1112
1690 1074
1691 1171
1692 1354
1693 1420
1694 1462
1695 1236
1696 1315
1697 1308
1698 1366
1699 1419
1700 1562
1701 1555
1702 1643
1703 0913
1704 1805
1705 1006
1706 0952
1707 1104
1708 1196
1709 1222
1710 1248
1711 1326
1712 1254
1713 1379
1714 1432
1715 1534
1716 1567
1717 0955
1718 1024
1719 1054
1720 1115
1721 1003
1722 1209
1723 1384
1724 1304
1725 1312
1726 1506
1727 1209
1728 1342
1729 1337
1730 1476
1731 1490
1732 1619
1733 1620
1734 1729
1735 1800
1736 1965
1737 1201
1738 1280
1739 1131
1740 2090
1741 1368
1742 1231
1743 1303
1744 1325
1745 1472
1746 1456
1747 1553
1748 1009
1749 1192
1750 1739
1751 0973
1752 0969
1753 1211
1754 1315
1755 1347
1756 1362
1757 1506
1758 1503
1759 1219
1760 1277
1761 1353
1762 1380
1763 1500
1764 1613
1765 1642
1766 1678
1767 1778
1768 0924
1769 1151
1770 1044
1771 1934
1772 1132
1773 1299
1774 1284
1775 2138
1776 1269
1777 1270
1778 1535
1779 1383
1780 1462
1781 1564
1782 0907
1783 1050
1784 1772
1785 0993
1786 1022
1787 1250
1788 1364
1789 1212
1790 1327
1791 1397
1792 1456
1793 1427
1794 1290
1795 1383
1796 1449
1797 1547
1798 1567
1799 1682
1800 0897
1801 1798
1802 0926
1803 1787
1804 1102
1805 1295
1806 1113
1807 2102
1808 1247
1809 1286
1810 1343
1811 1368
1812 1482
1813 1556
1814 1590
1815 1078
1816 1037
1817 0953
1818 1037
1819 1186
1820 1227
1821 1357
1822 1360
1823 1417
1824 1521
1825 1319
1826 1379
1827 1424
1828 1503
1829 1543
1830 0979
1831 0917
1832 1003
1833 1029
1834 1078
1835 1180
1836 1276
1837 2142
1838 1299
1839 1345
1840 1323
1841 1457
1842 1576
1843 0849
1844 0951
1845 1083
1846 1095
1847 1125
1848 1225
1849 1291
1850 1466
1851 1577
1852 1246
1853 4686
1854 2755
1855 1278
1856 1581
1857 1557
1858 1142
1859 1035
1860 1143
1861 1311
1862 1194
1863 1187
1864 1324
1865 1321
1866 1403
1867 1479
1868 1535
1869 1527
1870 1323
1871 1376
1872 1368
1873 1468
1874 1548
1875 1676
1876 1695
1877 1812
1878 0980
1879 1911
1880 1108
1881 2174
1882 1223
1883 2094
1884 1495
1885 1300
1886 1353
1887 1433
1888 1501
1889 1653
1890 1057
1891 0898
1892 1020
1893 1174
1894 1242
1895 1330
1896 1376
1897 1418
1898 1462
1899 1486
1900 1278
1901 1300
1902 1405
1903 1483
1904 1516
1905 1509
1906 1291
1907 1350
1908 1430
1909 1455
1910 1563
1911 1669
1912 1681
1913 1735
1914 1135
1915 1884
1916 1968
1917 2009
1918 1409
1919 2237
1920 1287
1921 1327
1922 1396
1923 1436
1924 1498
1925 1544
1926 1026
1927 1627
1928 1758
1929 1019
1930 1084
1931 1159
1932 1477
1933 1344
1934 1574
1935 1390
1936 1380
1937 1612
1938 1306
1939 1306
1940 1369
1941 1437
1942 1493
1943 1569
1944 1652
1945 1685
1946 1774
1947 0986
1948 1047
1949 1116
1950 1954
1951 1107
1952 1286
1953 1308
1954 2237
1955 1301
1956 1326
1957 1363
1958 1455
1959 1473
1960 1491
1961 0982
1962 0857
1963 1072
1964 0961
1965 1090
1966 1142
1967 1204
1968 1204
1969 1292
1970 1036
1971 1077
1972 1044
1973 1073
1974 1080
1975 1241
1976 1231
1977 1310
1978 1399
1979 1427
1980 1301
1981 1411
1982 1437
1983 1596
1984 1464
1985 1618
1986 1626
1987 1728
1988 1833
1989 1854
1990 1074
1991 1218
1992 2029
1993 2090
1994 1336
1995 2223
1996 1313
1997 1335
1998 1422
1999 1501
2000 1557
2001 1588
2002 0972
2003 0938
2004 0983
2005 1306
2006 1159
2007 3527
2008 1600
2009 1617
2010 1228
2011 1180
2012 1446
2013 1446
2014 1557
2015 0908
2016 0984
2017 0915
2018 0984
2019 1087
2020 1166
2021 1255
2022 1432
2023 1399
2024 1558
2025 1361
2026 1460
2027 1446
2028 1529
2029 1619
2030 1689
2031 1730
2032 0879
2033 1102
2034 1039
2035 1985
2036 1111
2037 1201
2038 1322
2039 1276
2040 1236
2041 1320
2042 1357
2043 1441
2044 1479
2045 1554
2046 0968
2047 0971
2048 0952
2049 0972
2050 1557
2051 1662
2052 1691
2053 0896
2054 0931
2055 1123
2056 1091
2057 1257
2058 1354
2059 1382
2060 1527
2061 1223
2062 1279
2063 1400
2064 1417
2065 1537
2066 1578
2067 1754
2068 1048
2069 1798
2070 1912
2071 1980
2072 1386
2073 1357
2074 1248
2075 1266
2076 1402
2077 1409
2078 1537
2079 1576
2080 1156
2081 0913
2082 0989
2083 1107
2084 1285
2085 1370
2086 1412
2087 1461
2088 1270
2089 1284
2090 1385
2091 1482
2092 1558
2093 1641
2094 1734
2095 1754
2096 0978
2097 1078
2098 1201
2099 1219
2100 1400
2101 1352
2102 1300
2103 1392
2104 1464
2105 1483
2106 1555
2107 0959
2108 1663
2109 0974
2110 1018
2111 1126
2112 1351
2113 1368
2114 1414
2115 1416
2116 1587
2117 1296
2118 1397
2119 1455
2120 1495
2121 1620
2122 1716
2123 1794
2124 1010
2125 1178
2126 1330
2127 2027
2128 2115
2129 1443
2130 1267
2131 1386
2132 1401
2133 1493
2134 0846
2135 0983
2136 1035
2137 0897
2138 1053
2139 1243
2140 1318
2141 1327
2142 1410
2143 1489
2144 1281
2145 1322
2146 1445
2147 1480
2148 1584
2149 1682
2150 0976
2151 1172
2152 1158
2153 1190
2154 1212
2155 1217
2156 1399
2157 1227
2158 1291
2159 1433
2160 1514
2161 1470
2162 1606
2163 1028
2164 0906
2165 0934
2166 1199
2167 1222
2168 1308
2169 1455
2170 1509
2171 1255
2172 1309
2173 1356
2174 1391
2175 1532
2176 1580
2177 1604
2178 1691
2179 1711
2180 1021
2181 1010
2182 2041
2183 1328
2184 1230
2185 1138
2186 2059
2187 1383
2188 1450
2189 1266
2190 1513
2191 1447
2192 1497
2193 3963
2194 2011
2195 1601
2196 1668
2197 1720
2198 1258
2199 1828
2200 1236
2201 1253
2202 1945
2203 2011
2204 2100
2205 1464
2206 1285
2207 1338
2208 1418
2209 1452
2210 1545
2211 1567
2212 1061
2213 1092
2214 1149
2215 1089
2216 1012
2217 1218
2218 1329
2219 1413
2220 1420
2221 1506
2222 1564
2223 1291
2224 1388
2225 1458
2226 1579
2227 1697
2228 1701
2229 1674
2230 1754
2231 1827
2232 1915
2233 1980
2234 1294
2235 2153
2236 2157
2237 2215
2238 1299
2239 1404
2240 1418
2241 1554
2242 1671
2243 0976
2244 1733
2245 0995
2246 0930
2247 1005
2248 1157
2249 1186
2250 1369
2251 1299
2252 1457
2253 1446
2254 1235
2255 1601
2256 1461
2257 1383
2258 1444
2259 1465
2260 1619
2261 1663
2262 1740
2263 1838
2264 1880
2265 1008
2266 1961
2267 1128
2268 2009
2269 1328
2270 2169
2271 1307
2272 1370
2273 1380
2274 1499
2275 1535
2276 1578
2277 0949
2278 1744
2279 0978
2280 0988
2281 1128
2282 1206
2283 1279
2284 1473
2285 1535
2286 1266
2287 1355
2288 1422
2289 1484
2290 1533
2291 1578
2292 1639
2293 1887
2294 1769
2295 1813
2296 1203
2297 1980
2298 1992
2299 2011
2300 2110
2301 2197
2302 1307
2303 1324
2304 1402
2305 1469
2306 1572
2307 1005
2308 1707
2309 1668
2310 1086
2311 0935
2312 0966
2313 1153
2314 1294
2315 1391
2316 1434
2317 1504
2318 1263
2319 1304
2320 1353
2321 1541
2322 1478
2323 1557
2324 1611
2325 1655
2326 1758
2327 1834
2328 1927
2329 2020
2330 2160
2331 2079
2332 2144
2333 2197
2334 1272
2335 1367
2336 1385
2337 1467
2338 1526
2339 1594
2340 1517
2341 1614
2342 1710
2343 1114
2344 0914
2345 1167
2346 1059
2347 1304
2348 1433
2349 1457
2350 1509
2351 1534
2352 1237
2353 1323
2354 1471
2355 1468
2356 1547
2357 1673
2358 1660
2359 1724
2360 1769
2361 1873
2362 1950
2363 1997
2364 2087
2365 2133
2366 2207
2367 1257
2368 1316
2369 1368
2370 1501
2371 1529
2372 0912
2373 1705
2374 1168
2375 0972
2376 0984
2377 1316
2378 1118
2379 2970
2380 1474
2381 1321
2382 1594
2383 1720
2384 1264
2385 1389
2386 1453
2387 1476
2388 1546
2389 1618
2390 1663
2391 1741
2392 1819
2393 1881
2394 1971
2395 2000
2396 1388
2397 2076
2398 1230
2399 1315
2400 1381
2401 1400
2402 1476
2403 1578
2404 0988
2405 1033
2406 0949
2407 0987
2408 1126
2409 1247
2410 1392
2411 1437
2412 1517
2413 1539
2414 1294
2415 1382
2416 1496
2417 1547
2418 1573
2419 1638
2420 1707
2421 1756
2422 1334
2423 1883
2424 1029
2425 1972
2426 1222
2427 2070
2428 1363
2429 1248
2430 1316
2431 1390
2432 1494
2433 1591
2434 1671
2435 1030
2436 1003
2437 0954
2438 1040
2439 1162
2440 1232
2441 1297
2442 1339
2443 1459
2444 1279
2445 1371
2446 1704
2447 1478
2448 1700
2449 1638
2450 1708
2451 1754
2452 1827
2453 1937
2454 1950
2455 1165
2456 1995
2457 2059
2458 2194
2459 1268
2460 1242
2461 1313
2462 1397
2463 1453
2464 1494
2465 1515
2466 0935
2467 1613
2468 0879
2469 1014
2470 0972
2471 0941
2472 1121
2473 1333
2474 1206
2475 1290
2476 1373
2477 1694
2478 1293
2479 1342
2480 1401
2481 1521
2482 1563
2483 1553
2484 1654
2485 1719
2486 1816
2487 1923
2488 1176
2489 2103
2490 1276
2491 2203
2492 1292
2493 1358
2494 1398
2495 1449
2496 1532
2497 1524
2498 1603
2499 1718
2500 1083
2501 1039
2502 1272
2503 1418
2504 1411
2505 1459
2506 1490
2507 1269
2508 1311
2509 1384
2510 1434
2511 1456
2512 1555
2513 1673
2514 1729
2515 1787
2516 1012
2517 1895
2518 1091
2519 1990
2520 1202
2521 2100
2522 1342
2523 1243
2524 1340
2525 1392
2526 1464
2527 1549
2528 1005
2529 1740
2530 0983
2531 1344
2532 1258
2533 1439
2534 1464
2535 1585
2536 1223
2537 1401
2538 1365
2539 1476
2540 1562
2541 1628
2542 1653
2543 1750
2544 1777
2545 1392
2546 1243
2547 1190
2548 2030
2549 1247
2550 1423
2551 1266
2552 1326
2553 1336
2554 1441
2555 1546
2556 1566
2557 0940
2558 1193
2559 1771
2560 1273
2561 1191
2562 1342
2563 1389
2564 1433
2565 3218
2566 1300
2567 1392
2568 1425
2569 1501
2570 1590
2571 1592
2572 1665
2573 1753
2574 1856
2575 1012
2576 2025
2577 1225
2578 2084
2579 2157
2580 1209
2581 1296
2582 1374
2583 1394
2584 1517
2585 1570
2586 1588
2587 1255
2588 1001
2589 1110
2590 1260
2591 1315
2592 1338
2593 1358
2594 1393
2595 1261
2596 1285
2597 1424
2598 1521
2599 1543
2600 1606
2601 1684
2602 1745
2603 0904
2604 1907
2605 1211
2606 2105
2607 2118
2608 2182
2609 1254
2610 1401
2611 1441
2612 1460
2613 1522
2614 1611
2615 0958
2616 0954
2617 0991
2618 1102
2619 1294
2620 1284
2621 1328
2622 1377
2623 1436
2624 1275
2625 1356
2626 1371
2627 1431
2628 1549
2629 1593
2630 1717
2631 1853
2632 1770
2633 1893
2634 1976
2635 2014
2636 2034
2637 2144
2638 1250
2639 1338
2640 1362
2641 1386
2642 1495
2643 1602
2644 1071
2645 0967
2646 0891
2647 1077
2648 1186
2649 1263
2650 1352
2651 1444
2652 1263
2653 1346
2654 1422
2655 1625
2656 1531
2657 1646
2658 1734
2659 1838
2660 1832
2661 1163
2662 2017
2663 2117
2664 2134
2665 1273
2666 1419
2667 1437
2668 0919
2669 1616
2670 1068
2671 1001
2672 1115
2673 1234
2674 1266
2675 1351
2676 1372
2677 1430
2678 1225
2679 1360
2680 1458
2681 1571
2682 1619
2683 1670
2684 0907
2685 1814
2686 1132
2687 1976
2688 1175
2689 1481
2690 1274
2691 1348
2692 1362
2693 1468
2694 1536
2695 0897
2696 1718
2697 0893
2698 1133
2699 1242
2700 1201
2701 1241
2702 1314
2703 1474
2704 1218
2705 1221
2706 1260
2707 1523
2708 1401
2709 1535
2710 1535
2711 1686
2712 1679
2713 1770
2714 1848
2715 1921
2716 1986
2717 2056
2718 2249
2719 2117
2720 2223
2721 1257
2722 1386
2723 1458
2724 1891
2725 1602
2726 1068
2727 1197
2728 0943
2729 0966
2730 1166
2731 1206
2732 1329
2733 1389
2734 1389
2735 1440
2736 1524
2737 1295
2738 1370
2739 1382
2740 1509
2741 1551
2742 1635
2743 1659
2744 0904
2745 1846
2746 0915
2747 1912
2748 1143
2749 2030
2750 1294
2751 4609
2752 2655
2753 1627
2754 1325
2755 1338
2756 1067
2757 1498
2758 1568
2759 1736
2760 1753
2761 1065
2762 0894
2763 1045
2764 1195
2765 1175
2766 1196
2767 1285
2768 1409
2769 1290
2770 1236
2771 2180
2772 1275
2773 1359
2774 1373
2775 1504
2776 1489
2777 1560
2778 0958
2779 1076
2780 1685
2781 0990
2782 1116
2783 1288
2784 1306
2785 1362
2786 1403
2787 1370
2788 1388
2789 1450
2790 1270
2791 1365
2792 1496
2793 1585
2794 1585
2795 1710
2796 1626
2797 1947
2798 1732
2799 0995
2800 1910
2801 1046
2802 1157
2803 1211
2804 2130
2805 1377
2806 1243
2807 1418
2808 1390
2809 1527
2810 1760
2811 1013
2812 1697
2813 0984
2814 1078
2815 1206
2816 1256
2817 1433
2818 1488
2819 1591
2820 1262
2821 1330
2822 1412
2823 1501
2824 1553
2825 1543
2826 1639
2827 1758
2828 1873
2829 1097
2830 1260
2831 1145
2832 1240
2833 1375
2834 1254
2835 1336
2836 1342
2837 1468
2838 1472
2839 1571
2840 0983
2841 1755
2842 0901
2843 1275
2844 1091
2845 1420
2846 1362
2847 1431
2848 1466
2849 1560
2850 1277
2851 1317
2852 1374
2853 1446
2854 1496
2855 1612
2856 1676
2857 0976
2858 0905
2859 0923
2860 1057
2861 1051
2862 1388
2863 1251
2864 1261
2865 1289
2866 1281
2867 1309
2868 1389
2869 1496
2870 1568
2871 1598
2872 1633
2873 1225
2874 1221
2875 1732
2876 0970
2877 0978
2878 1457
2879 1350
2880 1463
2881 1481
2882 1509
2883 1272
2884 1324
2885 1411
2886 1437
2887 1505
2888 1555
2889 1627
2890 1670
2891 0994
2892 1099
2893 0972
2894 1979
2895 1164
2896 1280
2897 1191
2898 2115
2899 1463
2900 1318
2901 1404
2902 1465
2903 1429
2904 1541
2905 0999
2906 1109
2907 1056
2908 0946
2909 1059
2910 1165
2911 1330
2912 2069
2913 1111
2914 1214
2915 1241
2916 1343
2917 2449
2918 1401
2919 1439
2920 1507
2921 1569
2922 1568
2923 1540
2924 1288
2925 1341
2926 1448
2927 1469
2928 1687
2929 1588
2930 1656
2931 1706
2932 1859
2933 0935
2934 0905
2935 1064
2936 1116
2937 3427
2938 1490
2939 1569
2940 1627
2941 1598
2942 1356
2943 1374
2944 1408
2945 1470
2946 1568
2947 1720
2948 1732
2949 1765
2950 0953
2951 1118
2952 1190
2953 1261
2954 1237
2955 1221
2956 1366
2957 1423
2958 1325
2959 1455
2960 1475
2961 1509
2962 1580
2963 1045
2964 1022
2965 0930
2966 1102
2967 1200
2968 1229
2969 1522
2970 1379
2971 1390
2972 1445
2973 1517
2974 1302
2975 1373
2976 1397
2977 1470
2978 1596
2979 1648
2980 1683
2981 1679
2982 1774
2983 1865
2984 1867
2985 1229
2986 2042
2987 2046
2988 2143
2989 1248
2990 1285
2991 1324
2992 1461
2993 1498
2994 1577
2995 1590
2996 1078
2997 1022
2998 1067
2999 1016
3000 0967
3001 1167
3002 1256
3003 1400
3004 1498
3005 1530
3006 1330
3007 1442
3008 1436
3009 1458
3010 1541
3011 1613
3012 1571
3013 1606
3014 1610
3015 1894
3016 1765
3017 1827
3018 1170
3019 2014
3020 2089
3021 2073
3022 2110
3023 2160
3024 1294
3025 1363
3026 1380
3027 1454
3028 1557
3029 1633
3030 1687
3031 1098
3032 0930
3033 1073
3034 1096
3035 1165
3036 1336
3037 1437
3038 1474
3039 1267
3040 1269
3041 1339
3042 1438
3043 1530
3044 1548
3045 1639
3046 1743
3047 1824
3048 1924
3049 1984
3050 1962
3051 2018
3052 2101
3053 2122
3054 2234
3055 1283
3056 1399
3057 1462
3058 1628
3059 1594
3060 1645
3061 1743
3062 0944
3063 1018
3064 1240
3065 1303
3066 1486
3067 1591
3068 1497
3069 1701
3070 1307
3071 1401
3072 1480
3073 1303
3074 1379
3075 1423
3076 1517
3077 1578
3078 1566
3079 1619
3080 1719
3081 1701
3082 0918
3083 1130
3084 1194
3085 1244
3086 1252
3087 1274
3088 1280
3089 1391
3090 4436
3091 2501
3092 1358
3093 1635
3094 1742
3095 1819
3096 1835
3097 1065
3098 2034
3099 1356
3100 1229
3101 1306
3102 1360
3103 1439
3104 1573
3105 1693
3106 1719
3107 0947
3108 1067
3109 1362
3110 1354
3111 1410
3112 1509
3113 1597
3114 1270
3115 1337
3116 1412
3117 1499
3118 1481
3119 1571
3120 1659
3121 1080
3122 0951
3123 1042
3124 1102
3125 1029
3126 1190
3127 1333
3128 1361
3129 1299
3130 1362
3131 1474
3132 1571
3133 0865
3134 1044
3135 1786
3136 0961
3137 1068
3138 1135
3139 1298
3140 1463
3141 1449
3142 1190
3143 1310
3144 1505
3145 1484
3146 1477
3147 1565
3148 1709
3149 1748
3150 0896
3151 1126
3152 1183
3153 1185
3154 1232
3155 1227
3156 1305
3157 1420
3158 1451
3159 1520
3160 1582
3161 0894
3162 1211
3163 0957
3164 1015
3165 1206
3166 1465
3167 1220
3168 1554
3169 1474
3170 1439
3171 1231
3172 1335
3173 1415
3174 1417
3175 1464
3176 1585
3177 1624
3178 0849
3179 1215
3180 1152
3181 1283
3182 1974
3183 2059
3184 1373
3185 2192
3186 1299
3187 1384
3188 1429
3189 1443
3190 1484
3191 0996
3192 1585
3193 1664
3194 0985
3195 0982
3196 1181
3197 1254
3198 1320
3199 1422
3200 1545
3201 1264
3202 1286
3203 1406
3204 1523
3205 1538
3206 1523
3207 1594
3208 1595
3209 1679
3210 1719
3211 0885
3212 0990
3213 1105
3214 1123
3215 1198
3216 1180
3217 1349
3218 1204
3219 1261
3220 1350
3221 1347
3222 1592
3223 1524
3224 1562
3225 1559
3226 1657
3227 1015
3228 1006
3229 1088
3230 1306
3231 1287
3232 1256
3233 1240
3234 1322
3235 1465
3236 1291
3237 1318
3238 1327
3239 1501
3240 1502
3241 1607
3242 1654
3243 1696
3244 1701
3245 1758
3246 1808
3247 2005
3248 1137
3249 2016
3250 2128
3251 2152
3252 1355
3253 1316
3254 2223
3255 1280
3256 1382
3257 1386
3258 1434
3259 1514
3260 1010
3261 1581
3262 1626
3263 0990
3264 1114
3265 1001
3266 1036
3267 1152
3268 1286
3269 1340
3270 1398
3271 1430
3272 1466
3273 1360
3274 1417
3275 1468
3276 4495
3277 2566
3278 1704
3279 1221
3280 1357
3281 1235
3282 2020
3283 1222
3284 2114
3285 1284
3286 1266
3287 1339
3288 1349
3289 1469
3290 1458
3291 0953
3292 1055
3293 1073
3294 0974
3295 1002
3296 1142
3297 1435
3298 1280
3299 1354
3300 1442
3301 1474
3302 1282
3303 1355
3304 1414
3305 1508
3306 1584
3307 1552
3308 1629
3309 1729
3310 1026
3311 1071
3312 1223
3313 2018
3314 1191
3315 1347
3316 1353
3317 1283
3318 1320
3319 1290
3320 1315
3321 1375
3322 1438
3323 1465
3324 1526
3325 1768
3326 0946
3327 1094
3328 0997
3329 1025
3330 1110
3331 1204
3332 1184
3333 1313
3334 1427
3335 1521
3336 1313
3337 1366
3338 1441
3339 1464
3340 1539
3341 1578
3342 1704
3343 1729
3344 0882
3345 1345
3346 1363
3347 1459
3348 1553
3349 1553
3350 1611
3351 1742
3352 0908
3353 1850
3354 1187
3355 1266
3356 1161
3357 2177
3358 1249
3359 1303
3360 1359
3361 1385
3362 1505
3363 1007
3364 0975
3365 0935
3366 0928
3367 1007
3368 1163
3369 1232
3370 1250
3371 1345
3372 1361
3373 1472
3374 1594
3375 1280
3376 1304
3377 1375
3378 1387
3379 1476
3380 1523
3381 1593
3382 1665
3383 1712
3384 0844
3385 1807
3386 1062
3387 1976
3388 1179
3389 2095
3390 1276
3391 1238
3392 1345
3393 1424
3394 1470
3395 1483
3396 1583
3397 1611
3398 1475
3399 1106
3400 0932
3401 0953
3402 1187
3403 1159
3404 1290
3405 1432
3406 1397
3407 1262
3408 1348
3409 1404
3410 1432
3411 1472
3412 1581
3413 1628
3414 1751
3415 1821
3416 1878
3417 1910
3418 2010
3419 2041
3420 2071
3421 2169
3422 1221
3423 1212
3424 1303
3425 1406
3426 1461
3427 1544
3428 1721
3429 0898
3430 1065
3431 0916
3432 0985
3433 1072
3434 1166
3435 1285
3436 1536
3437 1410
3438 1455
3439 1253
3440 1369
3441 1445
3442 1496
3443 1568
3444 1706
3445 1730
3446 1754
3447 0898
3448 1930
3449 1165
3450 1259
3451 1179
3452 2208
3453 1313
3454 2114
3455 1355
3456 1276
3457 1370
3458 1480
3459 1448
3460 1554
3461 0867
3462 3651
3463 1702
3464 1292
3465 1371
3466 1265
3467 2012
3468 1213
3469 2085
3470 1319
3471 2242
3472 1290
3473 1346
3474 1368
3475 1496
3476 1527
3477 1602
3478 0913
3479 1083
3480 1006
3481 0980
3482 1111
3483 1113
3484 1392
3485 2537
3486 1348
3487 1451
3488 1459
3489 1260
3490 1306
3491 1361
3492 1473
3493 1493
3494 1581
3495 1629
3496 1725
3497 1817
3498 1841
3499 1931
3500 1955
3501 1963
3502 1936
3503 2024
3504 2076
3505 1270
3506 1240
3507 1377
3508 1485
3509 1473
3510 1579
3511 1581
3512 1635
3513 0896
3514 0996
3515 1059
3516 1200
3517 1337
3518 1422
3519 1479
3520 1254
3521 1326
3522 1430
3523 1477
3524 1512
3525 1628
3526 1796
3527 1801
3528 1828
3529 1890
3530 2007
3531 2137
3532 2007
3533 2077
3534 1497
3535 1381
3536 1360
3537 1423
3538 1512
3539 1578
3540 1667
3541 1041
3542 0898
3543 1005
3544 1199
3545 1271
3546 1338
3547 1378
3548 1440
3549 1492
3550 1213
3551 1309
3552 1352
3553 1388
3554 1479
3555 1518
3556 1623
3557 1692
3558 1736
3559 1809
3560 1868
3561 1964
3562 1915
3563 1988
3564 2035
3565 2094
3566 2140
3567 1242
3568 1380
3569 1451
3570 1555
3571 1603
3572 0948
3573 1112
3574 0989
3575 1121
3576 1282
3577 1339
3578 1422
3579 1483
3580 1449
3581 1402
3582 1541
3583 1416
3584 1325
3585 1342
3586 1438
3587 1552
3588 1604
3589 1645
3590 0975
3591 1838
3592 0964
3593 1995
3594 1215
3595 2074
3596 1230
3597 1279
3598 1249
3599 1380
3600 1432
3601 1515
3602 0986
3603 0943
3604 1673
3605 1000
3606 1150
3607 1217
3608 1310
3609 1338
3610 1289
3611 1376
3612 1431
3613 1316
3614 1452
3615 1498
3616 1491
3617 1629
3618 1658
3619 1830
3620 1826
3621 1115
3622 1988
3623 2044
3624 2089
3625 1340
3626 1307
3627 1388
3628 1502
3629 1457
3630 1490
3631 1571
3632 1642
3633 1689
3634 1187
3635 1203
3636 1313
3637 1259
3638 1324
3639 1372
3640 1493
3641 1408
3642 1261
3643 1344
3644 1421
3645 1473
3646 1541
3647 1580
3648 4071
3649 2124
3650 1272
3651 1862
3652 1384
3653 1058
3654 1423
3655 1401
3656 1408
3657 1431
3658 1255
3659 1303
3660 1377
3661 1462
3662 1506
3663 1549
3664 1652
3665 1810
3666 1022
3667 1055
3668 1101
3669 2037
3670 1182
3671 1359
3672 1242
3673 1333
3674 1402
3675 1485
3676 0959
3677 1019
3678 0982
3679 1068
3680 1213
3681 1264
3682 1295
3683 1368
3684 1457
3685 1319
3686 1344
3687 1456
3688 1548
3689 1512
3690 1652
3691 1711
3692 0952
3693 1054
3694 1164
3695 1225
3696 1253
3697 1280
3698 1232
3699 1307
3700 1358
3701 1467
3702 1584
3703 0938
3704 1029
3705 1045
3706 1000
3707 1120
3708 1285
3709 1254
3710 1311
3711 1417
3712 1255
3713 1257
3714 1340
3715 1377
3716 1481
3717 1552
3718 1687
3719 1662
3720 1744
3721 1798
3722 1028
3723 1160
3724 1154
3725 2003
3726 2015
3727 2115
3728 1338
3729 1357
3730 1484
3731 1050
3732 1072
3733 1671
3734 0998
3735 1005
3736 1200
3737 1313
3738 1243
3739 1306
3740 1359
3741 1214
3742 1324
3743 1413
3744 1498
3745 1544
3746 1619
3747 1753
3748 1028
3749 1112
3750 1982
3751 2052
3752 1249
3753 1332
3754 2182
3755 1311
3756 1403
3757 1493
3758 1519
3759 0912
3760 1655
3761 1009
3762 0967
3763 1031
3764 1167
3765 1254
3766 1224
3767 1275
3768 1292
3769 1435
3770 1290
3771 1291
3772 1336
3773 1464
3774 1535
3775 1608
3776 1689
3777 1732
3778 1789
3779 1106
3780 1999
3781 1981
3782 1211
3783 1331
3784 1220
3785 1515
3786 1379
3787 1466
3788 1725
3789 1065
3790 1664
3791 1100
3792 1196
3793 1248
3794 1400
3795 1376
3796 1413
3797 1269
3798 1353
3799 1435
3800 1492
3801 1557
3802 1676
3803 1697
3804 0910
3805 1013
3806 1054
3807 1038
3808 1198
3809 1238
3810 2061
3811 1264
3812 1253
3813 1342
3814 1365
3815 1419
3816 1494
3817 1612
3818 1015
3819 1041
3820 1032
3821 1111
3822 1135
3823 1300
3824 1366
3825 1440
3826 1520
3827 1239
3828 1286
3829 1443
3830 1455
3831 1521
3832 4543
3833 2604
3834 1746
3835 0909
3836 1366
3837 1133
3838 1305
3839 2084
3840 1303
3841 1483
3842 1290
3843 1337
3844 1476
3845 1901
3846 1963
3847 2155
3848 1165
3849 1972
3850 1989
3851 1985
3852 2042
3853 2128
3854 1210
3855 1268
3856 2219
3857 1333
3858 1409
3859 1359
3860 1463
3861 1579
3862 1589
3863 1144
3864 1012
3865 1008
3866 1016
3867 1216
3868 1235
3869 1295
3870 1354
3871 1381
3872 1405
3873 1312
3874 1362
3875 1385
3876 1453
3877 1480
3878 1505
3879 1604
3880 1667
3881 1677
3882 1677
3883 1751
3884 1818
3885 1044
3886 1532
3887 2031
3888 2073
3889 1304
3890 1331
3891 1387
3892 1303
3893 1411
3894 1467
3895 1506
3896 1643
3897 1606
3898 1725
3899 0964
3900 1095
3901 1321
3902 1319
3903 1372
3904 1521
3905 1465
3906 1563
3907 1274
3908 1310
3909 1454
3910 1444
3911 1559
3912 1622
3913 1676
3914 1625
3915 1741
3916 1739
3917 1827
3918 1246
3919 1390
3920 1139
3921 1313
3922 1370
3923 1249
3924 1268
3925 1380
3926 1446
3927 1546
3928 1432
3929 1525
3930 1037
3931 1157
3932 1728
3933 1102
3934 1036
3935 1205
3936 1336
3937 1398
3938 1559
3939 1224
3940 1326
3941 1509
3942 1436
3943 1514
3944 1637
3945 1595
3946 1646
3947 1703
3948 1787
3949 1834
3950 1205
3951 1398
3952 1195
3953 1221
3954 1565
3955 1300
3956 1336
3957 1396
3958 1430
3959 1461
3960 1576
3961 1600
3962 1554
3963 1125
3964 0999
3965 1810
3966 1045
3967 1121
3968 1279
3969 1337
3970 1511
3971 1535
3972 1287
3973 1285
3974 1298
3975 1379
3976 1464
3977 1552
3978 1582
3979 1695
3980 0963
3981 1807
3982 1013
3983 1197
3984 1091
3985 1989
3986 1143
3987 1353
3988 1226
3989 2142
3990 1242
3991 1277
3992 1373
3993 1456
3994 0918
3995 1537
3996 1610
3997 1109
3998 1091
3999 1762
4000 1033
4001 1076
4002 1194
4003 1254
4004 1327
4005 1401
4006 1513
4007 1501
4008 1278
4009 1362
4010 1380
4011 1539
4012 1565
4013 1624
4014 1559
4015 1829
4016 1265
4017 1362
4018 2971
4019 1482
4020 2180
4021 1494
4022 1283
4023 1433
4024 1427
4025 1436
4026 1512
4027 1597
4028 1675
4029 1711
4030 1813
4031 1215
4032 1944
4033 1947
4034 1957
4035 1341
4036 2138
4037 1229
4038 1343
4039 1332
4040 1457
4041 1485
4042 1543
4043 1573
4044 0914
4045 1062
4046 1075
4047 1033
4048 1200
4049 1298
4050 1274
4051 1398
4052 1488
4053 1384
4054 1269
4055 1386
4056 1431
4057 1428
4058 1558
4059 1673
4060 1759
4061 1755
4062 1833
4063 1846
4064 1968
4065 2054
4066 2062
4067 2169
4068 2184
4069 1314
4070 1359
4071 1402
4072 1489
4073 1541
4074 0940
4075 1006
4076 1066
4077 1124
4078 1271
4079 1274
4080 1367
4081 1430
4082 1475
4083 1266
4084 1354
4085 1435
4086 1498
4087 1563
4088 1649
4089 1703
4090 1851
4091 1853
4092 1942
4093 2000
4094 2002
4095 2013
4096 2115
4097 1206
4098 1236
4099 1327
4100 1427
4101 1525
4102 1503
4103 1586
4104 1663
4105 1748
4106 0916
4107 1060
4108 1195
4109 1334
4110 1431
4111 1430
4112 1413
4113 1324
4114 1227
4115 1303
4116 1288
4117 1372
4118 1468
4119 1596
4120 1599
4121 1669
4122 1672
4123 1767
4124 1872
4125 1262
4126 1998
4127 2041
4128 1210
4129 1261
4130 1427
4131 1385
4132 1516
4133 0926
4134 1014
4135 1765
4136 1007
4137 1158
4138 1316
4139 1424
4140 1507
4141 1212
4142 1285
4143 1402
4144 1463
4145 1544
4146 1665
4147 1709
4148 1724
4149 1977
4150 1906
4151 1962
4152 1404
4153 2148
4154 1275
4155 1273
4156 1397
4157 1402
4158 1559
4159 0841
4160 1725
4161 0953
4162 0993
4163 1083
4164 1306
4165 1332
4166 1472
4167 1499
4168 1269
4169 1339
4170 1435
4171 1525
4172 1535
4173 1630
4174 1683
4175 1779
4176 1825
4177 1920
4178 1982
4179 1978
4180 2018
4181 2085
4182 2112
4183 2167
4184 1320
4185 1368
4186 1503
4187 1524
4188 1582
4189 1690
4190 1696
4191 0957
4192 1085
4193 1215
4194 1338
4195 1467
4196 1457
4197 1574
4198 1348
4199 1379
4200 1421
4201 1613
4202 1541
4203 1560
4204 3632
4205 1705
4206 1313
4207 1424
4208 1297
4209 2176
4210 1304
4211 2218
4212 1272
4213 1315
4214 1426
4215 1478
4216 0813
4217 1015
4218 1005
4219 0947
4220 1030
4221 1157
4222 1220
4223 1374
4224 1451
4225 1249
4226 1309
4227 1343
4228 1475
4229 1533
4230 1629
4231 1674
4232 1848
4233 1815
4234 1948
4235 1119
4236 2019
4237 2042
4238 2039
4239 1360
4240 2169
4241 1247
4242 1278
4243 1364
4244 1547
4245 1351
4246 1614
4247 1438
4248 1529
4249 1611
4250 0981
4251 1071
4252 0993
4253 1239
4254 1249
4255 1328
4256 1374
4257 1445
4258 1502
4259 1252
4260 1337
4261 1459
4262 1494
4263 1505
4264 1550
4265 1629
4266 1688
4267 1713
4268 1758
4269 1841
4270 1934
4271 2012
4272 2235
4273 2220
4274 1314
4275 1934
4276 1368
4277 1418
4278 1542
4279 1587
4280 1007
4281 1696
4282 1011
4283 0955
4284 0989
4285 1208
4286 1326
4287 1404
4288 1433
4289 1551
4290 1283
4291 1305
4292 1382
4293 1403
4294 1464
4295 1523
4296 1595
4297 1675
4298 1758
4299 1848
4300 1898
4301 2019
4302 1930
4303 1256
4304 2162
4305 2082
4306 2055
4307 1459
4308 2197
4309 1298
4310 1362
4311 2387
4312 1521
4313 1616
4314 1052
4315 1128
4316 0964
4317 1063
4318 1185
4319 1320
4320 1467
4321 1502
4322 1633
4323 1325
4324 1391
4325 1449
4326 1542
4327 1574
4328 1657
4329 1696
4330 1778
4331 1891
4332 1959
4333 2106
4334 2119
4335 2246
4336 2228
4337 1313
4338 1339
4339 1417
4340 1513
4341 1604
4342 1596
4343 0928
4344 1034
4345 0950
4346 1048
4347 1214
4348 1231
4349 1338
4350 1359
4351 1433
4352 1491
4353 1256
4354 1281
4355 1353
4356 1578
4357 1514
4358 1661
4359 3601
4360 1685
4361 1309
4362 1339
4363 1121
4364 2015
4365 2026
4366 2084
4367 1351
4368 1305
4369 1377
4370 1460
4371 1499
4372 1534
4373 0967
4374 1056
4375 1016
4376 1498
4377 1103
4378 1262
4379 1255
4380 1366
4381 1437
4382 1286
4383 1340
4384 1420
4385 1408
4386 1488
4387 1600
4388 1674
4389 1726
4390 1886
4391 0967
4392 1114
4393 1078
4394 2038
4395 1250
4396 1228
4397 1298
4398 1346
4399 1414
4400 1481
4401 1537
4402 0962
4403 0986
4404 1008
4405 0934
4406 0964
4407 1361
4408 1382
4409 1310
4410 1378
4411 1516
4412 1481
4413 1326
4414 1379
4415 1403
4416 1526
4417 1566
4418 1607
4419 1729
4420 1799
4421 1829
4422 1081
4423 1307
4424 2122
4425 2185
4426 1388
4427 1283
4428 1347
4429 1425
4430 1630
4431 1541
4432 0993
4433 1684
4434 0936
4435 0952
4436 1164
4437 1203
4438 1311
4439 1391
4440 1443
4441 1256
4442 1294
4443 1420
4444 1527
4445 1519
4446 1604
4447 1681
4448 1704
4449 1708
4450 0995
4451 1051
4452 2068
4453 2097
4454 1245
4455 1225
4456 1323
4457 1400
4458 1417
4459 1499
4460 1532
4461 1743
4462 1690
4463 0907
4464 0954
4465 1041
4466 1227
4467 1199
4468 1277
4469 1360
4470 1485
4471 1426
4472 1347
4473 1344
4474 1397
4475 1498
4476 1567
4477 1611
4478 1686
4479 1789
4480 1924
4481 1907
4482 2023
4483 2059
4484 2118
4485 2061
4486 2146
4487 1258
4488 1334
4489 1388
4490 1497
4491 1491
4492 1519
4493 1582
4494 1663
4495 1057
4496 0931
4497 0981
4498 1147
4499 1167
4500 1196
4501 1266
4502 1343
4503 1355
4504 1514
4505 1271
4506 1395
4507 1453
4508 1423
4509 1516
4510 1756
4511 1543
4512 1767
4513 1635
4514 1721
4515 1751
4516 1808
4517 1827
4518 1866
4519 1933
4520 2108
4521 2083
4522 2190
4523 1314
4524 1381
4525 1430
4526 1516
4527 1544
4528 1563
4529 1074
4530 1052
4531 0956
4532 1034
4533 1256
4534 1313
4535 1362
4536 1447
4537 1244
4538 1254
4539 1370
4540 1500
4541 1404
4542 1495
4543 1512
4544 3539
4545 1600
4546 1725
4547 1267
4548 1115
4549 1943
4550 1161
4551 2016
4552 1282
4553 2193
4554 1301
4555 1348
4556 1464
4557 1575
4558 1557
4559 1624
4560 0985
4561 1758
4562 1077
4563 1106
4564 1164
4565 1357
4566 1351
4567 1409
4568 1423
4569 1473
4570 1272
4571 1278
4572 1396
4573 1427
4574 1476
4575 1551
4576 1628
4577 1603
4578 1683
4579 1710
4580 1778
4581 1835
4582 1922
4583 1269
4584 2063
4585 2047
4586 2166
4587 1247
4588 1362
4589 1420
4590 1479
4591 1593
4592 0919
4593 1167
4594 1017
4595 1194
4596 1158
4597 1249
4598 1416
4599 1429
4600 1399
4601 1447
4602 1258
4603 1366
4604 1462
4605 1499
4606 1617
4607 1705
4608 1714
4609 1880
4610 1893
4611 1994
4612 2080
4613 2313
4614 1271
4615 1337
4616 1430
4617 1542
4618 1642
4619 1061
4620 1057
4621 1085
4622 1160
4623 1334
4624 1400
4625 1456
4626 1266
4627 1313
4628 1371
4629 1502
4630 1601
4631 1683
4632 1736
4633 0921
4634 1260
4635 1184
4636 2090
4637 1299
4638 1219
4639 1301
4640 1409
4641 1413
4642 1425
4643 1494
4644 1621
4645 0941
4646 1006
4647 1700
4648 1009
4649 1109
4650 1296
4651 1297
4652 1429
4653 1470
4654 1423
4655 1447
4656 1246
4657 1286
4658 1334
4659 1411
4660 1542
4661 1574
4662 1635
4663 1702
4664 1774
4665 1959
4666 1860
4667 1275
4668 1332
4669 2125
4670 2188
4671 1266
4672 1349
4673 1439
4674 1566
4675 0920
4676 1676
4677 1772
4678 1047
4679 1138
4680 1268
4681 1360
4682 1372
4683 1518
4684 1533
4685 1239
4686 1340
4687 1419
4688 1496
4689 1610
4690 1618
4691 1743
4692 0943
4693 1797
4694 1132
4695 1999
4696 1218
4697 2150
4698 1353
4699 1280
4700 1442
4701 1439
4702 1468
4703 1585
4704 1067
4705 1686
4706 0929
4707 0997
4708 1208
4709 1309
4710 1389
4711 1492
4712 1523
4713 1273
4714 1356
4715 1493
4716 1485
4717 1718
4718 1600
4719 1701
4720 1733
4721 1821
4722 1090
4723 1239
4724 1987
4725 1259
4726 1248
4727 1318
4728 1420
4729 1504
4730 4982
4731 3064
4732 1585
4733 1131
4734 1360
4735 1449
4736 1139
4737 1197
4738 1206
4739 1337
4740 1246
4741 1380
4742 1426
4743 1434
4744 1527
4745 1562
4746 1041
4747 0932
4748 0923
4749 1072
4750 1227
4751 1277
4752 1447
4753 1489
4754 1551
4755 1284
4756 1283
4757 1367
4758 1403
4759 1546
4760 1654
4761 1737
4762 1026
4763 1859
4764 1074
4765 1181
4766 1158
4767 2018
4768 1140
4769 1273
4770 1324
4771 2148
4772 1309
4773 1281
4774 1309
4775 1400
4776 1436
4777 1541
4778 1108
4779 1106
4780 1022
4781 0992
4782 1251
4783 1368
4784 1341
4785 1373
4786 1516
4787 1571
4788 1279
4789 1353
4790 1378
4791 1480
4792 1481
4793 1513
4794 1587
4795 1720
4796 1804
4797 1024
4798 1176
4799 1140
4800 2030
4801 1251
4802 1379
4803 1248
4804 1268
4805 1344
4806 1439
4807 1492
4808 1476
4809 1590
4810 1653
4811 1166
4812 1218
4813 1049
4814 1241
4815 1259
4816 1364
4817 1436
4818 1488
4819 1528
4820 1263
4821 1320
4822 1389
4823 1433
4824 1573
4825 1587
4826 1647
4827 1693
4828 1811
4829 1880
4830 1167
4831 1210
4832 2026
4833 2087
4834 1263
4835 1268
4836 2098
4837 1221
4838 1257
4839 1369
4840 1453
4841 1531
4842 1580
4843 1671
4844 1085
4845 1015
4846 1050
4847 0993
4848 1049
4849 1186
4850 1392
4851 1457
4852 1507
4853 1216
4854 1244
4855 1347
4856 1381
4857 1471
4858 1493
4859 1555
4860 1635
4861 1710
4862 1706
4863 0915
4864 1112
4865 1106
4866 1150
4867 1319
4868 1363
4869 1373
4870 1270
4871 1367
4872 1592
4873 1467
4874 1566
4875 0943
4876 1035
4877 0996
4878 1019
4879 1012
4880 1060
4881 1163
4882 1388
4883 1270
4884 1452
4885 4535
4886 2579
4887 1586
4888 1260
4889 1411
4890 1282
4891 1488
4892 1526
4893 1658
4894 0980
4895 1707
4896 1752
4897 1050
4898 1199
4899 1225
4900 1376
4901 1430
4902 1533
4903 1498
4904 1439
4905 1363
4906 1433
4907 1456
4908 1549
4909 1683
4910 1750
4911 1756
4912 1912
4913 1901
4914 1969
4915 1968
4916 1387
4917 2175
4918 2161
4919 2246
4920 1390
4921 1397
4922 1473
4923 1526
4924 1098
4925 1676
4926 1738
4927 1016
4928 1010
4929 1214
4930 1332
4931 1444
4932 1475
4933 1485
4934 1258
4935 1322
4936 1406
4937 1489
4938 1478
4939 1558
4940 1610
4941 1609
4942 1650
4943 1030
4944 1065
4945 1161
4946 1133
4947 1994
4948 1146
4949 1391
4950 1249
4951 1237
4952 1296
4953 1390
4954 1495
4955 1557
4956 1571
4957 1831
4958 1046
4959 1330
4960 1044
4961 1291
4962 1310
4963 1331
4964 1361
4965 1421
4966 1498
4967 1253
4968 1302
4969 1443
4970 1475
4971 1517
4972 1582
4973 1626
4974 1684
4975 1956
4976 0921
4977 1060
4978 1113
4979 1194
4980 1167
4981 1191
4982 1277
4983 1337
4984 1306
4985 1412
4986 1527
4987 1553
4988 1569
4989 1616
4990 1748
4991 1134
4992 1050
4993 1078
4994 1274
4995 1343
4996 1412
4997 1456
4998 1283
4999 1427
5000 1480
Average  1446
Min  0813
Max  5204
END