1 12393
2 14383
3 14443
4 13567
5 13684
6 12688
7 12666
8 14805
9 13877
10 13482
11 12591
12 11633
13 12124
14 14227
15 12797
16 12292
17 12288
18 11299
19 13437
20 12002
21 12508
22 11584
23 10980
24 10497
25 11809
26 11852
27 10986
28 10949
29 10609
30 12005
31 12022
32 10613
33 11168
34 13261
35 12343
36 12336
37 12400
38 11484
39 14467
40 13527
41 13625
42 12677
43 12745
44 11157
45 12862
46 11480
47 11973
48 10587
49 10199
50 9677
51 12251
52 11354
53 10973
54 10349
55 12524
56 12160
57 11675
58 11738
59 10107
60 11923
61 11906
62 11039
63 11107
64 10155
65 12236
66 10835
67 11365
68 10447
69 10543
70 10651
71 10602
72 9709
73 9100
74 8690
75 11015
76 9581
77 12020
78 11031
79 13186
80 12210
81 12255
82 12383
83 11461
84 12452
85 12517
86 11555
87 11170
88 10634
89 9944
90 11856
91 10561
92 9986
93 10004
94 12166
95 10774
96 11201
97 10831
98 12420
99 10975
100 11503
101 10544
102 10619
103 10456
104 11776
105 10363
106 10930
107 10851
108 10075
109 11116
110 9685
111 10181
112 9744
113 9301
114 9369
115 8550
116 8298
117 8445
118 7535
119 7458
120 8641
121 8559
122 7757
123 8899
124 7496
125 7885
126 10024
127 9138
128 9200
129 8282
130 9324
131 9358
132 7940
133 8069
134 8576
135 7579
136 7672
137 8741
138 8806
139 7790
140 9899
141 8521
142 9088
143 8780
144 11252
145 10233
146 10273
147 13362
148 12543
149 12535
150 11110
151 11620
152 13714
153 12805
154 12849
155 11892
156 11517
157 10938
158 12024
159 11083
160 10714
161 9797
162 9977
163 10286
164 9377
165 8930
166 8015
167 8511
168 7630
169 7490
170 6753
171 8832
172 7862
173 10989
174 9165
175 9603
176 9718
177 10796
178 10391
179 9940
180 9978
181 12009
182 11115
183 11179
184 11223
185 10366
186 12455
187 12474
188 11575
189 11603
190 11141
191 12797
192 11386
193 11807
194 11486
195 10786
196 13002
197 13048
198 11622
199 12161
200 11182
201 13303
202 12945
203 12483
204 12477
205 12109
206 14276
207 13887
208 13421
209 13465
210 13462
211 16533
212 15595
213 15679
214 14278
215 14742
216 14345
217 13672
218 16873
219 16913
220 15995
221 15089
222 15150
223 14230
224 17292
225 15865
226 16395
227 15031
228 15460
229 14524
230 14501
231 16651
232 16687
233 16765
234 15882
235 15947
236 14969
237 14954
238 17614
239 17144
240 17240
241 16309
242 16349
243 15466
244 15460
245 18621
246 17560
247 17667
248 16769
249 16792
250 15842
251 15826
252 17986
253 18009
254 17941
255 17024
256 15571
257 16197
258 14776
259 15033
260 17355
261 16406
262 16465
263 15014
264 15626
265 14644
266 14501
267 16777
268 15758
269 15877
270 14888
271 15013
272 14975
273 17030
274 17132
275 15691
276 16255
277 15245
278 15306
279 14344
280 16427
281 16514
282 15603
283 15630
284 14722
285 14695
286 13792
287 15868
288 15463
289 15036
290 13633
291 17059
292 15745
293 16741
294 18260
295 17297
296 17334
297 17360
298 16410
299 16033
300 15620
301 15440
302 16634
303 15224
304 15915
305 14384
306 14876
307 13984
308 14000
309 14090
310 13184
311 13197
312 12249
313 12330
314 11888
315 13496
316 12067
317 12549
318 12630
319 11682
320 14756
321 14792
322 13311
323 13860
324 12938
325 12889
326 16047
327 15119
328 15167
329 15210
330 13797
331 14178
332 16352
333 16393
334 16398
335 15523
336 14102
337 14705
338 13575
339 16834
340 15909
341 15959
342 14997
343 14575
344 14070
345 14134
346 12697
347 13277
348 13253
349 12296
350 12368
351 11430
352 11537
353 12519
354 12576
355 11164
356 11741
357 11750
358 12882
359 11907
360 11940
361 11997
362 10833
363 10765
364 12121
365 11729
366 11299
367 11223
368 10433
369 12435
370 11551
371 11604
372 10596
373 13628
374 12692
375 12772
376 11760
377 11295
378 12910
379 11988
380 11001
381 11070
382 9677
383 12278
384 11283
385 11272
386 11357
387 10377
388 12438
389 12062
390 11564
391 11071
392 10585
393 10589
394 10651
395 10668
396 9723
397 9730
398 8738
399 8814
400 8836
401 8438
402 7974
403 8082
404 8116
405 7245
406 7074
407 7401
408 7346
409 5888
410 7494
411 6473
412 8569
413 8616
414 7757
415 8737
416 8811
417 7878
418 9987
419 9098
420 9064
421 7950
422 10216
423 9319
424 9163
425 11460
426 10552
427 10550
428 10544
429 12724
430 11757
431 10863
432 10855
433 10757
434 13023
435 13117
436 13243
437 12277
438 12305
439 14419
440 14441
441 13086
442 13634
443 12714
444 15373
445 14476
446 14491
447 13592
448 12697
449 12743
450 14850
451 14921
452 14043
453 14097
454 14174
455 13230
456 15340
457 15397
458 15445
459 14539
460 14604
461 14637
462 16791
463 16787
464 16936
465 15540
466 16021
467 15150
468 14825
469 17294
470 17300
471 16394
472 15995
473 15496
474 15568
475 14183
476 14714
477 13752
478 12929
479 12913
480 12005
481 12145
482 11186
483 11234
484 10204
485 10367
486 9476
487 8762
488 8675
489 8643
490 8672
491 7762
492 7710
493 8900
494 8832
495 7984
496 9089
497 9099
498 8022
499 7848
500 9342
501 7910
502 9197
503 11469
504 10095
505 10636
506 9733
507 11869
508 10606
509 12976
510 12003
511 12129
512 15161
513 14202
514 14265
515 13283
516 13360
517 15484
518 14555
519 14555
520 13149
521 13690
522 12277
523 14776
524 14897
525 13997
526 12609
527 13149
528 12179
529 14313
530 12877
531 13380
532 12406
533 12492
534 11479
535 12575
536 12718
537 12784
538 11384
539 11915
540 13026
541 11621
542 12133
543 12152
544 11221
545 11154
546 12365
547 11409
548 11436
549 10551
550 10654
551 11695
552 11738
553 10881
554 10899
555 9992
556 12046
557 11083
558 11202
559 9781
560 13410
561 12449
562 12444
563 11546
564 10165
565 13698
566 13773
567 12813
568 12879
569 11463
570 14009
571 12578
572 13094
573 12990
574 13302
575 12392
576 15424
577 15430
578 14568
579 14150
580 13699
581 13655
582 16755
583 16600
584 15612
585 15797
586 14326
587 14853
588 14872
589 13964
590 14057
591 14110
592 13175
593 13168
594 12279
595 12345
596 12391
597 11430
598 11028
599 10116
600 9623
601 11653
602 11666
603 10785
604 9358
605 11926
606 10952
607 11108
608 11111
609 10171
610 13246
611 12375
612 12360
613 11964
614 11522
615 11572
616 10681
617 11679
618 10291
619 10853
620 9913
621 9949
622 10044
623 9146
624 9197
625 8295
626 8298
627 8393
628 7331
629 8464
630 7068
631 7149
632 8667
633 7586
634 7730
635 6641
636 7846
637 7305
638 7871
639 6987
640 6030
641 8108
642 7132
643 6920
644 8312
645 7362
646 6399
647 8451
648 7505
649 7493
650 7649
651 7685
652 7769
653 7864
654 7880
655 6929
656 8023
657 7161
658 7153
659 8171
660 8237
661 7296
662 8440
663 8486
664 7587
665 7562
666 6674
667 6385
668 6832
669 6369
670 7890
671 6947
672 7050
673 8075
674 6674
675 7216
676 8504
677 7393
678 6484
679 7498
680 7119
681 6626
682 8799
683 8757
684 7693
685 9792
686 9894
687 8833
688 11086
689 10124
690 10187
691 10084
692 12250
693 11341
694 10970
695 10452
696 10338
697 12573
698 12631
699 11215
700 11797
701 11554
702 12915
703 12949
704 12011
705 12079
706 11176
707 11137
708 12287
709 11394
710 10009
711 10574
712 9614
713 11154
714 10570
715 10162
716 9600
717 11770
718 10969
719 10573
720 9540
721 10096
722 11100
723 10734
724 10257
725 9799
726 11341
727 11493
728 10076
729 10678
730 9569
731 9777
732 9897
733 8457
734 7923
735 8017
736 10136
737 8732
738 8213
739 8317
740 9384
741 8474
742 8448
743 7502
744 9547
745 8571
746 7658
747 9700
748 8689
749 8772
750 7831
751 8817
752 8909
753 7503
754 8124
755 8095
756 7171
757 7257
758 7308
759 6277
760 7351
761 5812
762 6342
763 6481
764 7546
765 6099
766 6149
767 7620
768 6654
769 6711
770 7803
771 6870
772 6895
773 5753
774 6054
775 6099
776 5835
777 5154
778 6257
779 5298
780 6363
781 5406
782 7501
783 6555
784 5922
785 7616
786 7758
787 9774
788 8862
789 8928
790 8072
791 10070
792 10094
793 9149
794 9257
795 11349
796 9937
797 10444
798 10055
799 9561
800 10628
801 9713
802 9753
803 8674
804 10840
805 9950
806 8509
807 9017
808 11145
809 9731
810 9215
811 9311
812 11319
813 10358
814 9947
815 9456
816 12544
817 11134
818 11626
819 10675
820 10563
821 12816
822 12912
823 12937
824 12017
825 11880
826 15147
827 14207
828 14268
829 13341
830 13424
831 12513
832 15570
833 14579
834 14690
835 13773
836 13374
837 12800
838 15931
839 14556
840 15088
841 13683
842 13145
843 12996
844 16206
845 15336
846 13905
847 14488
848 13515
849 13548
850 15632
851 15237
852 14760
853 14787
854 13354
855 13919
856 16921
857 17042
858 15601
859 16231
860 15219
861 14824
862 13830
863 14433
864 13458
865 13566
866 12140
867 12689
868 12663
869 11259
870 10895
871 11909
872 10962
873 10557
874 10598
875 10176
876 10274
877 9857
878 8949
879 9507
880 9277
881 9608
882 8179
883 8184
884 7259
885 7808
886 7393
887 6449
888 8048
889 6634
890 9070
891 7632
892 7675
893 8286
894 6867
895 7438
896 9543
897 9483
898 8597
899 11643
900 10685
901 10773
902 9803
903 13183
904 12889
905 11967
906 11981
907 11597
908 14139
909 14148
910 12712
911 13264
912 12333
913 15392
914 15416
915 14511
916 13123
917 13636
918 12738
919 14823
920 14850
921 13908
922 13533
923 13009
924 12075
925 14207
926 14306
927 13367
928 13391
929 13459
930 12495
931 14498
932 13020
933 13543
934 12114
935 12627
936 11738
937 14740
938 13845
939 12467
940 12644
941 15076
942 14760
943 15768
944 15303
945 15394
946 14439
947 14450
948 13791
949 13619
950 13697
951 13821
952 12446
953 12929
954 12562
955 12104
956 14175
957 12758
958 13321
959 13415
960 12004
961 12416
962 13578
963 13637
964 12687
965 12327
966 11848
967 14942
968 13989
969 14029
970 13121
971 11707
972 12071
973 14304
974 13393
975 13001
976 12556
977 12616
978 12034
979 13719
980 13347
981 13870
982 12451
983 13016
984 15025
985 14100
986 14213
987 12823
988 13305
989 13288
990 15528
991 14558
992 14618
993 13228
994 13734
995 13836
996 15901
997 14969
998 15027
999 14106
1000 13724
1001 13310
1002 16321
1003 15423
1004 14011
1005 14499
1006 13594
1007 13608
1008 12688
1009 15809
1010 14883
1011 14907
1012 13960
1013 14054
1014 13078
1015 15201
1016 15315
1017 15394
1018 14423
1019 14490
1020 14414
1021 16634
1022 16707
1023 15787
1024 15429
1025 14879
1026 14987
1027 14005
1028 17207
1029 17216
1030 16300
1031 15932
1032 15455
1033 14530
1034 14316
1035 16538
1036 15140
1037 15707
1038 14796
1039 13384
1040 13906
1041 13618
1042 15042
1043 14141
1044 14167
1045 13224
1046 13328
1047 12385
1048 13451
1049 12507
1050 12572
1051 12586
1052 11563
1053 13761
1054 12857
1055 12932
1056 12009
1057 12062
1058 11094
1059 13222
1060 13317
1061 13358
1062 11944
1063 11480
1064 13556
1065 13170
1066 12649
1067 12306
1068 11401
1069 13898
1070 12476
1071 12060
1072 12053
1073 11147
1074 11210
1075 12289
1076 11368
1077 11452
1078 10515
1079 10508
1080 11721
1081 11810
1082 11415
1083 10882
1084 10262
1085 12931
1086 12987
1087 13098
1088 11669
1089 11236
1090 12254
1091 11353
1092 11388
1093 11808
1094 10529
1095 11616
1096 10693
1097 10797
1098 9835
1099 9919
1100 10990
1101 10034
1102 10117
1103 9988
1104 9250
1105 10327
1106 10396
1107 9436
1108 8957
1109 10510
1110 10662
1111 9192
1112 9368
1113 11812
1114 10381
1115 10902
1116 9812
1117 11869
1118 11455
1119 10970
1120 11029
1121 10776
1122 12101
1123 11181
1124 11317
1125 11123
1126 10424
1127 11493
1128 11484
1129 11548
1130 10646
1131 13726
1132 12797
1133 12384
1134 11889
1135 11549
1136 11051
1137 13634
1138 13203
1139 13274
1140 11828
1141 11906
1142 13416
1143 13494
1144 12557
1145 12689
1146 11273
1147 11308
1148 11860
1149 11922
1150 10515
1151 10027
1152 9998
1153 10190
1154 10298
1155 9365
1156 8869
1157 10431
1158 9476
1159 9111
1160 10650
1161 13692
1162 12264
1163 12815
1164 11868
1165 10393
1166 12999
1167 12079
1168 11115
1169 11235
1170 10210
1171 12344
1172 12405
1173 11534
1174 10131
1175 10641
1176 11676
1177 11698
1178 10872
1179 10906
1180 9343
1181 12015
1182 12088
1183 11114
1184 10555
1185 12331
1186 12431
1187 11385
1188 11001
1189 10562
1190 11659
1191 10239
1192 9330
1193 9824
1194 9915
1195 11949
1196 10534
1197 11071
1198 11074
1199 9518
1200 12283
1201 10884
1202 11389
1203 9932
1204 11698
1205 10612
1206 10713
1207 9243
1208 9011
1209 11362
1210 10869
1211 10866
1212 10134
1213 11982
1214 12071
1215 12070
1216 10677
1217 14305
1218 12913
1219 13433
1220 12530
1221 12506
1222 11533
1223 14599
1224 14748
1225 13781
1226 13387
1227 12950
1228 15949
1229 15024
1230 14641
1231 13628
1232 14107
1233 12650
1234 16208
1235 14761
1236 15269
1237 14323
1238 14394
1239 14441
1240 16491
1241 15543
1242 15659
1243 14258
1244 14807
1245 13861
1246 13872
1247 16003
1248 15131
1249 14775
1250 15226
1251 14259
1252 14315
1253 15387
1254 15485
1255 14556
1256 13138
1257 13619
1258 13088
1259 13594
1260 13754
1261 13840
1262 12899
1263 13025
1264 12857
1265 12009
1266 13095
1267 13120
1268 12140
1269 12271
1270 10848
1271 11168
1272 12441
1273 11543
1274 10650
1275 10682
1276 9797
1277 10827
1278 9455
1279 8496
1280 9018
1281 8606
1282 8104
1283 8200
1284 7212
1285 7298
1286 5918
1287 6307
1288 7212
1289 6407
1290 7497
1291 5996
1292 8409
1293 7431
1294 7540
1295 8401
1296 7445
1297 7502
1298 8549
1299 7646
1300 6752
1301 8711
1302 7791
1303 7815
1304 8842
1305 7869
1306 7727
1307 7024
1308 8043
1309 6600
1310 6978
1311 7259
1312 6258
1313 8328
1314 8482
1315 8149
1316 10455
1317 9510
1318 9128
1319 10828
1320 9736
1321 8343
1322 8819
1323 10957
1324 10003
1325 10117
1326 9001
1327 11198
1328 11293
1329 10346
1330 10398
1331 12419
1332 12444
1333 11006
1334 11538
1335 10639
1336 13666
1337 13676
1338 13838
1339 12859
1340 12899
1341 15016
1342 15113
1343 15137
1344 14265
1345 13284
1346 13299
1347 15372
1348 14964
1349 14044
1350 14566
1351 13643
1352 13106
1353 15788
1354 15848
1355 14872
1356 14472
1357 14001
1358 13073
1359 15108
1360 15235
1361 14340
1362 14287
1363 14371
1364 12973
1365 14509
1366 13085
1367 12177
1368 12706
1369 12773
1370 11246
1371 13853
1372 12964
1373 11553
1374 11791
1375 14205
1376 16276
1377 16317
1378 14910
1379 15426
1380 14020
1381 14591
1382 17682
1383 16729
1384 16798
1385 15903
1386 15943
1387 16004
1388 15949
1389 18194
1390 18269
1391 16862
1392 17326
1393 16373
1394 15904
1395 14944
1396 18484
1397 17560
1398 17542
1399 16610
1400 16220
1401 15353
1402 15821
1403 14960
1404 14944
1405 15003
1406 14102
1407 14143
1408 14213
1409 12700
1410 12991
1411 12215
1412 13249
1413 13339
1414 12513
1415 12547
1416 12480
1417 11719
1418 12771
1419 12826
1420 12929
1421 11932
1422 11996
1423 14048
1424 13619
1425 12687
1426 12674
1427 11745
1428 13840
1429 12430
1430 11561
1431 11998
1432 11149
1433 11057
1434 14253
1435 13262
1436 13295
1437 12433
1438 12389
1439 11579
1440 11549
1441 11611
1442 11656
1443 10781
1444 9323
1445 9957
1446 10009
1447 10052
1448 9135
1449 9237
1450 9221
1451 8331
1452 8351
1453 6969
1454 8556
1455 7646
1456 6766
1457 8772
1458 7841
1459 7002
1460 6859
1461 7627
1462 7160
1463 6539
1464 7899
1465 7472
1466 7086
1467 8550
1468 7131
1469 10609
1470 9704
1471 9768
1472 8710
1473 10955
1474 10569
1475 10105
1476 9981
1477 13259
1478 12356
1479 12367
1480 12408
1481 11339
1482 13582
1483 13660
1484 12274
1485 11860
1486 11534
1487 13006
1488 12062
1489 11741
1490 11192
1491 11163
1492 13357
1493 13376
1494 12484
1495 12533
1496 11627
1497 11488
1498 13832
1499 12442
1500 13051
1501 13052
1502 12121
1503 14233
1504 14285
1505 12887
1506 13538
1507 12494
1508 12655
1509 13660
1510 12239
1511 12772
1512 11818
1513 11855
1514 11000
1515 13022
1516 11592
1517 11169
1518 11160
1519 10287
1520 12314
1521 12346
1522 12457
1523 11464
1524 11572
1525 12580
1526 12715
1527 11352
1528 10445
1529 10920
1530 12993
1531 12074
1532 12179
1533 12179
1534 11293
1535 11323
1536 11484
1537 10542
1538 10161
1539 10622
1540 9708
1541 10774
1542 9827
1543 9901
1544 8492
1545 8763
1546 9111
1547 9205
1548 8151
1549 10291
1550 10414
1551 9467
1552 9259
1553 10586
1554 9661
1555 9728
1556 8327
1557 8951
1558 9492
1559 9015
1560 8206
1561 8213
1562 8267
1563 8320
1564 7434
1565 6501
1566 6619
1567 5681
1568 6721
1569 5792
1570 6869
1571 5959
1572 5090
1573 7202
1574 5918
1575 8230
1576 8312
1577 7326
1578 10371
1579 10438
1580 9445
1581 11560
1582 11662
1583 10232
1584 10718
1585 12817
1586 11851
1587 11932
1588 10534
1589 11010
1590 13216
1591 15181
1592 15168
1593 14246
1594 13303
1595 16380
1596 16423
1597 15465
1598 15542
1599 14546
1600 14151
1601 14581
1602 15739
1603 15805
1604 15815
1605 14895
1606 14508
1607 14079
1608 13971
1609 16100
1610 15223
1611 14812
1612 14387
1613 14369
1614 13424
1615 15517
1616 14579
1617 14203
1618 13264
1619 13809
1620 12302
1621 13886
1622 12456
1623 12625
1624 12730
1625 11805
1626 11732
1627 12938
1628 12962
1629 12040
1630 12108
1631 11109
1632 13248
1633 13246
1634 11815
1635 11913
1636 11428
1637 15431
1638 14516
1639 14088
1640 13565
1641 13692
1642 16651
1643 15685
1644 15281
1645 14346
1646 13387
1647 13845
1648 13861
1649 16016
1650 14560
1651 15054
1652 14090
1653 14108
1654 13034
1655 15185
1656 15270
1657 14295
1658 14372
1659 12950
1660 13493
1661 15559
1662 14610
1663 14604
1664 14705
1665 13814
1666 13889
1667 15928
1668 15002
1669 14996
1670 14106
1671 14089
1672 12663
1673 12944
1674 15243
1675 14265
1676 13908
1677 12896
1678 13385
1679 12465
1680 13574
1681 13686
1682 12698
1683 12757
1684 11791
1685 11797
1686 12873
1687 11958
1688 10536
1689 11041
1690 11117
1691 12159
1692 11831
1693 10949
1694 10570
1695 11095
1696 10207
1697 10265
1698 8863
1699 8370
1700 8514
1701 8553
1702 8639
1703 7739
1704 9710
1705 8781
1706 8845
1707 8875
1708 9919
1709 9508
1710 9076
1711 8891
1712 11173
1713 10283
1714 9858
1715 9378
1716 11415
1717 11505
1718 10539
1719 10035
1720 11833
1721 10763
1722 10825
1723 9865
1724 9967
1725 10003
1726 10070
1727 8629
1728 8711
1729 10229
1730 10241
1731 9336
1732 8500
1733 11471
1734 10061
1735 10636
1736 9471
1737 12744
1738 12795
1739 11814
1740 10371
1741 12975
1742 12582
1743 12133
1744 12123
1745 11949
1746 14274
1747 14311
1748 13323
1749 13381
1750 13450
1751 15539
1752 14629
1753 14644
1754 14734
1755 13329
1756 12379
1757 16891
1758 15930
1759 15970
1760 16003
1761 15096
1762 15189
1763 14222
1764 17371
1765 16369
1766 16422
1767 15013
1768 15561
1769 14659
1770 13698
1771 15870
1772 15424
1773 14469
1774 14013
1775 14088
1776 12641
1777 15137
1778 14226
1779 13329
1780 12949
1781 12420
1782 12448
1783 11570
1784 13613
1785 12721
1786 12726
1787 11835
1788 11945
1789 11638
1790 11979
1791 11122
1792 11168
1793 10275
1794 10292
1795 10365
1796 8976
1797 9467
1798 9051
1799 8613
1800 8637
1801 8253
1802 7772
1803 9896
1804 8934
1805 8994
1806 7483
1807 10175
1808 9253
1809 7921
1810 10338
1811 10444
1812 10505
1813 10553
1814 9624
1815 9691
1816 9722
1817 9811
1818 8850
1819 8656
1820 9226
1821 9088
1822 8161
1823 7397
1824 8233
1825 7332
1826 7424
1827 7500
1828 6596
1829 6616
1830 7728
1831 7769
1832 9840
1833 8845
1834 8971
1835 7850
1836 9529
1837 9117
1838 8319
1839 10168
1840 8762
1841 9271
1842 8402
1843 10404
1844 9519
1845 9551
1846 8625
1847 8374
1848 9743
1849 9389
1850 8828
1851 11026
1852 9617
1853 10155
1854 10135
1855 12247
1856 11375
1857 10964
1858 10021
1859 10464
1860 11592
1861 10679
1862 10763
1863 9811
1864 9170
1865 11520
1866 11007
1867 10088
1868 9575
1869 11236
1870 9792
1871 10519
1872 10442
1873 9596
1874 11591
1875 11731
1876 10760
1877 9855
1878 11814
1879 11904
1880 11008
1881 10923
1882 13011
1883 13049
1884 12147
1885 12225
1886 11246
1887 13370
1888 11951
1889 12515
1890 11564
1891 11615
1892 10654
1893 11738
1894 11827
1895 10859
1896 10501
1897 10000
1898 10060
1899 9146
1900 8795
1901 8399
1902 8218
1903 9425
1904 8499
1905 7540
1906 8657
1907 7253
1908 7642
1909 6736
1910 8876
1911 8992
1912 7993
1913 10126
1914 9212
1915 9227
1916 11353
1917 10446
1918 9519
1919 9543
1920 9382
1921 10639
1922 9875
1923 10289
1924 8924
1925 10531
1926 10584
1927 9179
1928 9472
1929 11743
1930 10825
1931 10895
1932 9994
1933 9752
1934 10669
1935 10152
1936 10248
1937 9077
1938 11332
1939 11373
1940 10474
1941 10468
1942 12617
1943 11611
1944 11662
1945 10771
1946 10625
1947 11903
1948 11989
1949 11082
1950 11104
1951 11193
1952 11284
1953 10392
1954 10409
1955 9998
1956 9615
1957 10593
1958 10707
1959 9731
1960 9722
1961 10862
1962 9977
1963 8570
1964 9108
1965 11127
1966 10254
1967 8817
1968 9408
1969 8371
1970 10146
1971 10628
1972 9672
1973 9613
1974 10851
1975 10950
1976 10058
1977 10125
1978 11218
1979 11249
1980 9830
1981 9387
1982 8992
1983 10532
1984 10545
1985 10650
1986 9706
1987 11791
1988 11847
1989 10909
1990 10028
1991 9896
1992 11216
1993 10278
1994 9366
1995 9245
1996 10486
1997 9552
1998 9647
1999 7959
2000 8370
2001 8824
2002 8781
2003 7870
2004 7331
2005 8086
2006 7190
2007 7257
2008 7296
2009 7339
2010 5905
2011 8490
2012 7550
2013 7636
2014 8711
2015 8783
2016 7783
2017 10007
2018 9056
2019 8713
2020 8172
2021 10276
2022 8858
2023 9198
2024 8456
2025 9131
2026 8334
2027 10578
2028 9824
2029 11453
2030 10524
2031 11102
2032 9669
2033 11239
2034 10241
2035 9835
2036 9361
2037 8927
2038 10447
2039 10537
2040 9647
2041 9522
2042 12787
2043 11870
2044 11881
2045 10919
2046 14044
2047 14142
2048 13133
2049 13242
2050 11843
2051 15458
2052 14462
2053 14529
2054 13592
2055 13682
2056 12744
2057 15832
2058 15869
2059 14972
2060 14978
2061 14044
2062 14141
2063 14202
2064 13315
2065 13461
2066 13508
2067 12502
2068 12130
2069 11228
2070 11748
2071 12812
2072 11924
2073 11955
2074 12068
2075 11056
2076 10363
2077 12279
2078 11394
2079 11006
2080 10549
2081 12591
2082 11685
2083 10798
2084 10929
2085 10707
2086 11886
2087 12014
2088 10605
2089 9701
2090 10063
2091 12281
2092 12386
2093 11426
2094 11545
2095 12522
2096 11586
2097 11198
2098 10830
2099 10887
2100 12920
2101 11512
2102 12040
2103 11083
2104 10874
2105 13247
2106 11834
2107 12373
2108 11984
2109 11554
2110 13613
2111 12227
2112 12737
2113 11845
2114 11919
2115 13989
2116 13026
2117 13104
2118 13116
2119 12165
2120 12013
2121 14276
2122 14351
2123 13439
2124 13452
2125 12499
2126 14542
2127 13663
2128 13644
2129 13271
2130 12819
2131 12535
2132 11860
2133 13051
2134 11644
2135 13181
2136 12250
2137 11266
2138 13410
2139 12531
2140 12533
2141 11134
2142 11546
2143 13697
2144 13692
2145 12744
2146 11835
2147 11913
2148 13944
2149 13078
2150 13112
2151 12140
2152 12256
2153 12057
2154 14379
2155 13410
2156 13482
2157 12573
2158 11140
2159 14637
2160 13775
2161 13860
2162 12893
2163 12920
2164 12895
2165 15155
2166 14177
2167 14209
2168 13312
2169 13404
2170 12003
2171 13447
2172 13045
2173 12539
2174 12151
2175 11232
2176 10769
2177 12843
2178 12466
2179 12936
2180 11978
2181 11665
2182 13102
2183 13252
2184 12233
2185 12324
2186 10895
2187 12416
2188 10997
2189 11108
2190 10610
2191 10358
2192 9706
2193 9753
2194 9828
2195 8422
2196 8894
2197 7800
2198 7998
2199 8069
2200 7152
2201 7268
2202 5845
2203 7385
2204 6414
2205 8500
2206 7588
2207 7655
2208 9688
2209 8286
2210 7851
2211 9805
2212 9877
2213 8479
2214 8870
2215 10910
2216 9978
2217 10079
2218 9942
2219 11192
2220 10259
2221 8858
2222 9379
2223 11495
2224 10648
2225 10562
2226 9606
2227 12701
2228 11268
2229 11760
2230 10860
2231 10640
2232 12064
2233 11063
2234 11117
2235 10163
2236 9811
2237 12245
2238 10863
2239 11443
2240 9991
2241 15579
2242 15523
2243 15581
2244 14658
2245 14575
2246 15776
2247 15876
2248 15879
2249 14903
2250 14052
2251 13974
2252 13152
2253 15222
2254 14272
2255 13901
2256 13015
2257 12100
2258 12629
2259 13756
2260 13757
2261 13829
2262 12910
2263 12905
2264 12953
2265 13980
2266 14101
2267 14133
2268 14170
2269 12745
2270 13220
2271 14367
2272 14388
2273 14458
2274 13031
2275 12121
2276 12746
2277 13725
2278 13799
2279 12869
2280 12453
2281 11911
2282 11051
2283 13183
2284 12171
2285 12273
2286 11324
2287 11136
2288 13461
2289 12527
2290 12573
2291 11632
2292 11686
2293 13863
2294 13879
2295 13012
2296 12998
2297 12118
2298 11511
2299 12738
2300 12270
2301 12355
2302 11399
2303 11482
2304 12552
2305 11622
2306 11265
2307 10346
2308 10817
2309 11946
2310 11042
2311 10129
2312 10156
2313 9160
2314 10246
2315 9383
2316 9370
2317 8440
2318 10551
2319 10603
2320 10630
2321 9741
2322 11856
2323 11845
2324 10943
2325 9517
2326 9407
2327 11667
2328 11323
2329 11322
2330 9891
2331 12401
2332 12479
2333 11090
2334 11596
2335 11673
2336 12789
2337 12864
2338 11932
2339 11958
2340 11040
2341 13123
2342 12171
2343 12222
2344 11322
2345 11234
2346 13519
2347 12583
2348 12493
2349 12555
2350 11642
2351 14755
2352 14853
2353 13884
2354 12969
2355 13040
2356 11975
2357 15231
2358 13795
2359 13368
2360 13375
2361 13428
2362 12338
2363 15599
2364 15211
2365 14733
2366 14795
2367 13881
2368 13631
2369 16006
2370 16092
2371 15182
2372 15219
2373 15197
2374 14293
2375 16337
2376 15439
2377 15496
2378 14583
2379 14646
2380 13732
2381 13173
2382 14880
2383 14968
2384 14015
2385 13051
2386 13145
2387 12958
2388 15260
2389 15346
2390 14451
2391 14492
2392 13563
2393 12978
2394 14667
2395 14723
2396 14832
2397 13888
2398 13969
2399 12966
2400 16034
2401 15137
2402 15180
2403 15218
2404 14239
2405 13857
2406 13384
2407 14473
2408 13041
2409 13597
2410 12713
2411 13144
2412 12781
2413 13828
2414 12897
2415 12555
2416 13010
2417 12075
2418 12065
2419 13181
2420 12813
2421 12278
2422 11901
2423 12162
2424 14558
2425 14597
2426 13695
2427 12294
2428 12416
2429 11806
2430 14597
2431 14078
2432 13730
2433 13293
2434 13387
2435 15434
2436 14511
2437 14534
2438 14583
2439 13585
2440 13757
2441 15807
2442 14856
2443 15099
2444 13913
2445 14069
2446 12650
2447 13170
2448 15245
2449 14311
2450 14419
2451 12963
2452 13528
2453 12562
2454 14524
2455 13611
2456 12147
2457 12725
2458 11792
2459 14848
2460 13869
2461 13914
2462 12967
2463 12992
2464 16163
2465 15134
2466 15179
2467 15264
2468 15265
2469 13324
2470 16371
2471 15430
2472 15487
2473 15508
2474 14663
2475 13703
2476 17796
2477 16817
2478 16868
2479 16033
2480 16042
2481 16166
2482 15231
2483 18263
2484 17850
2485 17389
2486 17489
2487 16569
2488 16162
2489 15746
2490 15578
2491 18935
2492 17989
2493 17978
2494 18137
2495 17163
2496 15729
2497 16230
2498 19350
2499 18448
2500 18035
2501 17582
2502 17564
2503 16652
2504 16751
2505 15831
2506 17871
2507 17870
2508 17971
2509 17018
2510 17104
2511 16225
2512 15787
2513 15278
2514 16897
2515 16419
2516 16038
2517 16557
2518 15661
2519 15153
2520 14285
2521 14872
2522 13932
2523 13538
2524 13070
2525 13257
2526 12317
2527 12352
2528 13395
2529 12016
2530 12094
2531 11636
2532 11622
2533 10797
2534 12904
2535 11935
2536 11945
2537 11104
2538 10517
2539 13177
2540 12306
2541 12407
2542 12516
2543 14544
2544 13556
2545 13741
2546 12784
2547 12850
2548 12897
2549 13967
2550 13539
2551 13115
2552 12179
2553 11792
2554 12398
2555 13407
2556 12477
2557 12515
2558 11616
2559 11607
2560 13695
2561 12835
2562 11393
2563 11508
2564 10600
2565 10786
2566 13173
2567 13220
2568 12320
2569 12410
2570 11414
2571 13545
2572 13615
2573 12705
2574 12758
2575 11843
2576 13907
2577 13950
2578 13054
2579 13164
2580 11730
2581 11303
2582 13338
2583 13361
2584 12430
2585 12534
2586 11607
2587 14703
2588 13739
2589 13324
2590 12885
2591 11948
2592 11264
2593 13100
2594 13154
2595 12239
2596 12334
2597 11453
2598 14523
2599 13597
2600 13674
2601 13717
2602 12807
2603 12139
2604 13990
2605 14143
2606 12716
2607 13200
2608 12327
2609 12368
2610 12445
2611 12557
2612 11622
2613 11689
2614 10079
2615 9815
2616 9860
2617 9972
2618 8937
2619 9029
2620 7971
2621 9081
2622 8173
2623 11255
2624 9322
2625 8380
2626 8382
2627 10546
2628 10541
2629 9128
2630 8763
2631 11709
2632 11758
2633 10845
2634 10902
2635 11979
2636 12031
2637 12074
2638 11187
2639 11216
2640 12296
2641 12328
2642 11397
2643 11494
2644 11511
2645 12647
2646 12661
2647 12753
2648 11816
2649 10793
2650 12937
2651 11496
2652 12030
2653 11115
2654 10864
2655 13204
2656 13287
2657 12327
2658 12376
2659 11466
2660 13503
2661 13592
2662 12153
2663 11710
2664 11759
2665 13856
2666 13870
2667 12942
2668 12548
2669 12121
2670 11886
2671 14147
2672 14242
2673 12831
2674 13387
2675 12457
2676 14471
2677 14524
2678 13496
2679 13057
2680 12142
2681 12470
2682 15753
2683 14849
2684 14752
2685 13869
2686 13940
2687 13069
2688 16088
2689 16173
2690 15271
2691 15223
2692 15313
2693 14420
2694 16557
2695 16600
2696 15633
2697 15698
2698 14763
2699 14368
2700 13936
2701 16017
2702 14609
2703 15118
2704 15196
2705 14269
2706 14353
2707 13359
2708 15398
2709 13963
2710 14500
2711 13544
2712 13697
2713 13742
2714 14785
2715 14385
2716 13906
2717 14114
2718 13020
2719 12874
2720 14179
2721 14245
2722 13232
2723 13059
2724 12391
2725 12497
2726 13502
2727 12563
2728 12635
2729 11685
2730 11298
2731 10335
2732 11819
2733 10424
2734 10977
2735 11022
2736 13084
2737 12084
2738 11685
2739 11216
2740 10317
2741 12320
2742 12368
2743 11440
2744 11492
2745 11605
2746 12603
2747 12221
2748 11697
2749 11773
2750 10905
2751 12975
2752 12933
2753 12077
2754 12159
2755 11927
2756 13348
2757 12464
2758 12403
2759 12538
2760 11125
2761 10640
2762 10712
2763 9796
2764 9868
2765 8896
2766 8967
2767 9044
2768 8122
2769 8001
2770 7298
2771 8391
2772 6933
2773 6490
2774 8472
2775 7528
2776 7557
2777 8689
2778 7323
2779 7658
2780 8924
2781 7968
2782 7850
2783 7970
2784 9203
2785 8226
2786 8319
2787 10324
2788 10424
2789 9489
2790 8845
2791 10656
2792 9235
2793 9752
2794 8314
2795 8131
2796 9010
2797 8110
2798 7863
2799 9205
2800 9199
2801 8208
2802 8057
2803 9412
2804 8500
2805 8182
2806 10584
2807 10641
2808 9675
2809 9616
2810 11800
2811 10893
2812 10949
2813 10042
2814 10047
2815 10176
2816 10195
2817 9402
2818 8532
2819 8411
2820 9392
2821 8510
2822 8582
2823 8338
2824 9634
2825 8686
2826 8672
2827 10862
2828 9961
2829 9434
2830 8962
2831 11004
2832 10082
2833 8682
2834 9171
2835 8233
2836 9865
2837 10416
2838 9441
2839 9283
2840 10617
2841 9653
2842 9681
2843 9693
2844 9758
2845 8839
2846 9002
2847 8049
2848 10010
2849 9068
2850 8685
2851 9178
2852 10223
2853 10280
2854 9400
2855 9384
2856 11511
2857 10554
2858 10624
2859 9682
2860 9511
2861 11332
2862 10398
2863 9965
2864 9793
2865 12060
2866 10657
2867 11228
2868 10201
2869 10241
2870 11286
2871 11383
2872 10493
2873 10488
2874 10588
2875 10654
2876 10278
2877 9773
2878 9684
2879 8932
2880 10964
2881 11007
2882 10118
2883 10058
2884 11239
2885 11307
2886 10343
2887 9710
2888 11490
2889 10517
2890 9545
2891 9643
2892 8657
2893 9794
2894 8376
2895 10809
2896 9968
2897 10980
2898 10028
2899 10057
2900 9140
2901 9075
2902 9277
2903 9349
2904 8405
2905 8426
2906 8547
2907 8605
2908 7569
2909 7386
2910 8840
2911 7417
2912 7168
2913 10008
2914 9065
2915 9065
2916 11222
2917 9738
2918 10295
2919 10306
2920 12451
2921 12525
2922 11568
2923 11728
2924 14749
2925 13765
2926 13820
2927 13917
2928 12972
2929 12257
2930 14010
2931 14090
2932 13131
2933 13158
2934 12269
2935 14372
2936 13411
2937 13526
2938 12128
2939 12640
2940 11595
2941 13813
2942 13844
2943 12881
2944 13020
2945 12032
2946 11835
2947 14145
2948 13743
2949 13326
2950 13363
2951 12526
2952 15493
2953 14635
2954 14712
2955 13793
2956 13793
2957 13902
2958 12372
2959 15066
2960 14073
2961 14215
2962 14275
2963 13343
2964 16432
2965 15471
2966 14882
2967 14182
2968 13250
2969 13807
2970 12951
2971 15943
2972 15011
2973 14115
2974 14135
2975 13223
2976 13103
2977 16360
2978 15403
2979 14966
2980 14436
2981 13495
2982 13370
2983 16503
2984 15519
2985 15571
2986 14646
2987 14714
2988 13744
2989 16820
2990 16877
2991 15929
2992 15952
2993 16114
2994 14725
2995 15048
2996 18315
2997 17377
2998 17445
2999 16545
3000 16631
3001 15614
3002 14639
3003 17665
3004 17240
3005 16340
3006 15867
3007 15971
3008 15044
3009 15123
3010 17206
3011 15787
3012 16331
3013 16375
3014 14952
3015 14477
3016 14475
3017 16710
3018 16760
3019 15756
3020 15804
3021 15896
3022 15010
3023 14484
3024 16086
3025 16183
3026 15264
3027 14885
3028 14492
3029 14532
3030 17585
3031 16638
3032 16761
3033 15810
3034 15825
3035 14917
3036 15029
3037 17045
3038 16149
3039 16210
3040 15304
3041 15387
3042 15436
3043 14043
3044 15629
3045 15704
3046 14749
3047 14838
3048 13869
3049 13510
3050 13039
3051 13119
3052 13167
3053 12285
3054 12360
3055 12284
3056 11465
3057 12510
3058 11583
3059 11663
3060 11759
3061 10864
3062 12941
3063 12980
3064 12167
3065 11220
3066 11253
3067 13332
3068 12432
3069 12457
3070 11539
3071 10978
3072 13654
3073 12742
3074 12350
3075 11897
3076 11745
3077 13993
3078 13591
3079 12701
3080 11806
3081 12316
3082 12098
3083 14411
3084 13460
3085 13094
3086 12540
3087 12676
3088 14786
3089 13842
3090 13911
3091 12534
3092 13110
3093 12654
3094 14198
3095 13273
3096 12903
3097 12456
3098 12593
3099 15635
3100 14234
3101 13350
3102 13902
3103 12971
3104 13009
3105 11957
3106 13727
3107 13306
3108 13299
3109 11863
3110 11123
3111 16424
3112 15332
3113 15460
3114 15463
3115 15565
3116 14663
3117 13698
3118 13776
3119 12833
3120 12501
3121 12029
3122 12143
3123 10673
3124 11157
3125 10163
3126 11276
3127 10344
3128 9946
3129 9519
3130 11581
3131 10137
3132 10691
3133 9782
3134 11763
3135 10835
3136 10544
3137 10046
3138 9778
3139 12115
3140 11157
3141 11286
3142 10324
3143 12437
3144 11456
3145 11484
3146 10618
3147 11220
3148 12715
3149 11842
3150 11858
3151 10930
3152 10374
3153 10110
3154 10227
3155 10300
3156 9305
3157 9362
3158 11438
3159 10542
3160 10178
3161 9248
3162 8895
3163 10880
3164 9971
3165 9531
3166 8639
3167 10200
3168 9344
3169 9341
3170 8975
3171 11447
3172 11534
3173 10587
3174 10290
3175 11685
3176 11733
3177 10810
3178 10392
3179 9930
3180 11115
3181 10049
3182 10152
3183 10208
3184 11267
3185 10355
3186 10387
3187 8930
3188 12458
3189 11012
3190 11512
3191 10629
3192 9742
3193 10808
3194 10819
3195 9408
3196 8943
3197 8934
3198 10651
3199 10126
3200 10235
3201 9243
3202 11314
3203 10350
3204 10442
3205 9424
3206 9325
3207 10656
3208 10666
3209 9752
3210 9769
3211 10886
3212 9959
3213 9984
3214 9960
3215 12177
3216 11197
3217 11243
3218 10303
3219 9539
3220 11981
3221 11472
3222 11130
3223 10670
3224 12718
3225 11757
3226 11805
3227 10916
3228 10563
3229 11989
3230 11070
3231 11104
3232 10167
3233 10229
3234 11305
3235 11334
3236 11425
3237 10488
3238 13523
3239 12626
3240 12612
3241 11695
3242 11748
3243 14872
3244 14894
3245 14928
3246 14031
3247 12622
3248 12816
3249 16234
3250 15251
3251 15298
3252 14304
3253 13931
3254 13434
3255 12004
3256 12557
3257 12550
3258 11592
3259 11629
3260 10741
3261 10797
3262 10815
3263 9891
3264 10393
3265 9048
3266 9069
3267 9110
3268 9214
3269 7628
3270 8272
3271 8262
3272 8314
3273 7401
3274 7442
3275 7501
3276 7518
3277 6653
3278 6683
3279 7794
3280 7768
3281 9813
3282 8874
3283 7974
3284 7767
3285 9093
3286 7713
3287 8134
3288 11314
3289 10318
3290 10393
3291 9516
3292 8555
3293 8654
3294 7718
3295 7802
3296 6812
3297 6946
3298 6652
3299 7085
3300 7160
3301 8236
3302 7269
3303 8164
3304 10373
3305 9422
3306 9554
3307 11614
3308 10617
3309 10252
3310 9821
3311 9645
3312 11943
3313 10962
3314 11040
3315 10089
3316 12172
3317 11208
3318 11291
3319 10348
3320 9821
3321 10462
3322 10492
3323 9602
3324 8842
3325 9677
3326 9754
3327 8771
3328 8372
3329 9802
3330 9413
3331 8500
3332 8825
3333 11122
3334 9693
3335 10185
3336 9210
3337 11333
3338 10440
3339 10421
3340 9452
3341 10561
3342 10622
3343 9629
3344 8867
3345 10708
3346 9790
3347 8382
3348 8749
3349 7956
3350 9998
3351 10096
3352 9184
3353 11188
3354 10285
3355 10323
3356 9413
3357 9123
3358 10129
3359 10572
3360 9626
3361 8724
3362 9784
3363 8867
3364 8892
3365 8000
3366 9045
3367 8082
3368 7936
3369 7222
3370 9343
3371 8312
3372 8336
3373 9403
3374 9445
3375 9061
3376 8508
3377 9175
3378 8667
3379 8248
3380 7324
3381 8917
3382 8011
3383 7962
3384 9072
3385 9097
3386 8104
3387 10113
3388 9175
3389 7750
3390 8218
3391 10329
3392 9389
3393 9251
3394 7674
3395 10442
3396 9010
3397 9516
3398 11518
3399 10598
3400 10702
3401 9284
3402 8798
3403 11897
3404 11974
3405 11999
3406 11000
3407 14088
3408 13170
3409 12804
3410 12306
3411 12308
3412 15452
3413 14470
3414 14638
3415 14628
3416 13722
3417 16761
3418 15740
3419 15800
3420 14817
3421 13877
3422 13919
3423 13012
3424 16083
3425 15116
3426 15191
3427 14230
3428 13305
3429 12974
3430 16192
3431 15299
3432 13894
3433 13977
3434 13063
3435 13509
3436 15598
3437 15694
3438 15682
3439 14728
3440 14786
3441 13785
3442 16881
3443 16909
3444 15921
3445 16003
3446 16024
3447 15029
3448 14355
3449 16165
3450 16282
3451 15308
3452 15389
3453 13990
3454 14531
3455 14440
3456 15686
3457 15705
3458 14794
3459 14873
3460 13924
3461 13367
3462 12833
3463 13669
3464 13263
3465 13291
3466 12370
3467 12411
3468 11022
3469 13581
3470 12636
3471 12671
3472 12740
3473 11785
3474 14516
3475 14014
3476 14086
3477 12691
3478 13243
3479 16363
3480 15469
3481 15459
3482 14530
3483 14632
3484 13658
3485 13700
3486 12801
3487 12902
3488 11977
3489 10588
3490 11148
3491 10166
3492 10264
3493 10287
3494 10375
3495 8999
3496 8928
3497 8016
3498 8667
3499 8714
3500 7752
3501 9893
3502 9934
3503 9041
3504 12115
3505 10703
3506 11260
3507 10286
3508 12375
3509 11389
3510 10971
3511 10459
3512 10507
3513 12637
3514 11693
3515 11802
3516 10407
3517 10868
3518 13006
3519 13024
3520 12063
3521 11721
3522 11085
3523 14315
3524 12951
3525 12011
3526 12527
3527 11147
3528 14700
3529 14789
3530 13836
3531 13816
3532 12915
3533 12819
3534 16111
3535 14703
3536 15228
3537 15327
3538 14445
3539 13037
3540 15513
3541 14707
3542 13303
3543 15782
3544 14379
3545 14942
3546 17956
3547 17010
3548 17139
3549 17204
3550 16274
3551 16368
3552 15468
3553 15432
3554 17464
3555 16529
3556 16126
3557 15613
3558 15769
3559 14360
3560 14854
3561 15951
3562 15984
3563 15009
3564 15038
3565 14167
3566 14267
3567 13331
3568 14420
3569 14446
3570 13419
3571 13515
3572 12610
3573 12621
3574 13687
3575 13740
3576 12805
3577 11883
3578 11919
3579 11975
3580 13081
3581 13156
3582 12096
3583 12147
3584 12213
3585 12245
3586 11357
3587 10976
3588 11430
3589 10436
3590 10561
3591 10690
3592 10785
3593 9831
3594 9594
3595 8850
3596 11070
3597 10160
3598 10172
3599 9154
3600 12269
3601 11371
3602 11448
3603 10463
3604 13511
3605 13663
3606 12695
3607 12716
3608 12606
3609 15787
3610 14920
3611 14998
3612 14108
3613 14174
3614 12788
3615 15329
3616 13925
3617 14509
3618 13537
3619 12665
3620 12700
3621 14758
3622 13873
3623 13895
3624 13012
3625 11584
3626 12123
3627 13254
3628 13322
3629 11910
3630 12430
3631 11504
3632 11539
3633 11650
3634 11843
3635 11813
3636 10923
3637 11035
3638 12133
3639 12166
3640 10784
3641 11242
3642 11338
3643 12424
3644 11027
3645 11579
3646 10597
3647 10587
3648 11821
3649 11820
3650 11856
3651 10446
3652 9932
3653 11046
3654 11139
3655 10157
3656 10252
3657 11283
3658 10375
3659 10007
3660 9056
3661 9454
3662 9626
3663 8777
3664 8836
3665 8850
3666 8958
3667 8534
3668 8598
3669 8062
3670 8180
3671 8202
3672 8247
3673 7268
3674 7353
3675 8433
3676 7014
3677 7592
3678 8626
3679 7606
3680 7385
3681 8743
3682 7813
3683 6950
3684 6691
3685 6620
3686 6177
3687 8197
3688 7307
3689 7313
3690 7470
3691 7516
3692 7497
3693 9645
3694 8252
3695 7856
3696 9873
3697 9945
3698 8584
3699 8496
3700 10201
3701 10267
3702 8846
3703 9373
3704 11440
3705 10494
3706 10601
3707 9131
3708 11711
3709 10801
3710 10425
3711 9745
3712 9041
3713 11087
3714 10163
3715 10233
3716 9167
3717 10245
3718 9767
3719 9341
3720 8800
3721 10429
3722 9526
3723 9591
3724 8606
3725 10731
3726 9758
3727 9832
3728 8452
3729 10023
3730 10003
3731 9004
3732 8238
3733 10177
3734 9203
3735 9301
3736 8375
3737 9367
3738 8439
3739 8537
3740 7649
3741 7305
3742 7679
3743 6705
3744 6584
3745 7879
3746 6431
3747 8989
3748 8061
3749 7978
3750 7210
3751 8922
3752 8458
3753 8127
3754 9478
3755 9523
3756 8569
3757 8603
3758 10673
3759 9741
3760 9790
3761 9049
3762 11980
3763 10972
3764 11021
3765 10028
3766 12247
3767 10846
3768 11446
3769 10443
3770 10254
3771 10527
3772 10555
3773 9650
3774 9659
3775 8235
3776 9775
3777 9892
3778 9911
3779 8982
3780 12059
3781 12145
3782 11271
3783 11183
3784 14375
3785 12883
3786 13421
3787 12414
3788 12282
3789 14444
3790 14450
3791 13039
3792 13617
3793 12712
3794 15724
3795 14787
3796 13890
3797 14017
3798 12654
3799 13052
3800 15114
3801 14750
3802 13819
3803 13274
3804 13378
3805 13268
3806 15568
3807 14150
3808 14638
3809 14818
3810 13814
3811 13862
3812 16913
3813 15525
3814 16028
3815 16125
3816 16168
3817 16249
3818 14722
3819 15425
3820 14443
3821 14479
3822 13541
3823 13565
3824 12186
3825 12281
3826 11813
3827 11825
3828 10948
3829 10939
3830 10054
3831 10083
3832 9071
3833 8809
3834 8349
3835 8385
3836 7505
3837 7545
3838 7130
3839 6761
3840 6829
3841 5942
3842 7027
3843 7027
3844 6353
3845 6900
3846 6786
3847 7360
3848 6434
3849 7403
3850 6466
3851 8537
3852 7117
3853 7172
3854 8727
3855 7393
3856 6347
3857 6756
3858 7076
3859 7121
3860 5605
3861 7208
3862 5830
3863 7356
3864 6691
3865 6364
3866 7495
3867 6447
3868 8437
3869 7426
3870 7439
3871 8541
3872 8513
3873 7589
3874 9599
3875 9231
3876 8699
3877 11690
3878 10739
3879 10760
3880 9788
3881 9100
3882 11798
3883 11859
3884 11882
3885 10976
3886 13020
3887 13018
3888 13083
3889 12186
3890 12190
3891 14318
3892 12895
3893 13502
3894 12488
3895 12087
3896 11716
3897 14714
3898 13764
3899 13354
3900 12827
3901 12900
3902 11239
3903 14089
3904 13152
3905 12780
3906 11828
3907 12202
3908 14474
3909 14465
3910 13067
3911 13569
3912 12650
3913 12531
3914 14790
3915 13897
3916 13920
3917 13986
3918 13022
3919 13044
3920 14332
3921 14272
3922 14327
3923 12885
3924 13420
3925 12473
3926 14527
3927 14125
3928 13583
3929 13225
3930 12761
3931 12757
3932 12882
3933 12494
3934 11576
3935 11103
3936 11179
3937 10950
3938 11273
3939 11319
3940 11437
3941 9978
3942 9079
3943 9598
3944 9184
3945 8705
3946 8289
3947 9829
3948 8454
3949 8002
3950 8005
3951 10064
3952 10107
3953 8679
3954 8187
3955 10311
3956 10290
3957 9421
3958 9521
3959 10487
3960 10529
3961 9671
3962 9353
3963 10729
3964 9313
3965 9787
3966 8748
3967 8050
3968 9981
3969 9045
3970 8124
3971 10165
3972 8743
3973 9277
3974 8394
3975 10412
3976 10465
3977 9548
3978 11602
3979 11707
3980 10249
3981 10658
3982 9745
3983 9332
3984 8708
3985 8849
3986 7781
3987 7555
3988 7000
3989 7057
3990 7165
3991 6228
3992 6216
3993 6370
3994 6219
3995 6168
3996 6532
3997 6553
3998 6568
3999 5880
4000 6785
4001 5833
4002 7933
4003 7922
4004 6980
4005 8128
4006 8089
4007 8136
4008 9225
4009 9359
4010 7896
4011 8108
4012 8445
4013 7564
4014 7607
4015 7712
4016 6251
4017 6511
4018 7838
4019 6875
4020 6615
4021 8032
4022 7085
4023 7088
4024 8205
4025 8301
4026 7900
4027 9362
4028 9454
4029 8539
4030 7625
4031 10642
4032 9723
4033 8326
4034 8870
4035 9955
4036 10025
4037 9120
4038 8817
4039 8094
4040 7904
4041 7473
4042 7488
4043 8636
4044 8669
4045 7598
4046 9840
4047 8456
4048 7607
4049 8075
4050 9171
4051 9242
4052 9274
4053 8411
4054 10515
4055 9515
4056 9603
4057 8860
4058 10814
4059 9855
4060 9909
4061 8977
4062 10049
4063 10100
4064 8695
4065 8262
4066 8082
4067 9390
4068 8510
4069 7857
4070 7658
4071 7705
4072 6808
4073 5907
4074 5679
4075 6026
4076 5941
4077 6164
4078 6076
4079 6370
4080 6299
4081 5457
4082 7602
4083 6678
4084 8772
4085 7860
4086 7855
4087 7932
4088 8030
4089 8136
4090 7186
4091 7083
4092 7391
4093 6706
4094 6528
4095 6628
4096 5691
4097 5797
4098 5058
4099 4919
4100 5000
4101 6167
4102 5226
4103 6320
4104 4909
4105 7438
4106 6537
4107 6568
4108 7672
4109 6350
4110 6855
4111 5872
4112 5715
4113 6069
4114 6149
4115 6192
4116 6003
4117 5266
4118 6364
4119 5401
4120 6587
4121 5180
4122 5571
4123 5757
4124 5823
4125 6935
4126 5542
4127 5939
4128 6205
4129 4483
4130 5267
4131 5244
4132 5432
4133 5147
4134 6527
4135 4961
4136 4737
4137 5782
4138 4896
4139 5947
4140 5749
4141 4979
4142 6118
4143 6172
4144 7240
4145 6931
4146 7318
4147 8532
4148 8617
4149 8375
4150 9752
4151 8873
4152 8503
4153 7951
4154 8105
4155 8134
4156 7177
4157 7091
4158 7202
4159 7255
4160 6352
4161 7408
4162 6989
4163 5913
4164 7649
4165 7560
4166 8727
4167 7777
4168 7818
4169 7756
4170 8066
4171 8103
4172 8218
4173 9241
4174 9221
4175 8354
4176 7801
4177 10566
4178 9615
4179 9805
4180 8834
4181 10813
4182 9895
4183 9937
4184 8864
4185 11908
4186 10486
4187 9998
4188 9978
4189 12230
4190 12271
4191 10857
4192 10448
4193 16398
4194 16528
4195 15037
4196 15539
4197 14128
4198 17602
4199 16774
4200 16840
4201 15469
4202 14958
4203 14587
4204 14066
4205 14142
4206 13289
4207 13365
4208 13339
4209 12459
4210 12458
4211 11522
4212 11574
4213 11656
4214 10657
4215 10709
4216 10594
4217 9850
4218 10927
4219 10003
4220 10021
4221 9099
4222 11195
4223 10254
4224 10308
4225 10089
4226 12429
4227 11460
4228 11063
4229 10539
4230 10551
4231 11614
4232 11258
4233 10324
4234 10824
4235 9813
4236 11978
4237 10583
4238 11013
4239 9991
4240 12141
4241 11242
4242 11334
4243 10327
4244 10337
4245 11411
4246 11401
4247 10512
4248 10102
4249 11658
4250 10280
4251 10877
4252 9865
4253 9961
4254 11000
4255 11051
4256 10151
4257 10119
4258 9301
4259 10457
4260 10511
4261 9130
4262 9476
4263 8803
4264 9380
4265 8867
4266 8273
4267 8129
4268 8107
4269 8151
4270 7253
4271 9279
4272 8377
4273 8366
4274 10553
4275 9557
4276 9196
4277 8666
4278 11713
4279 10836
4280 10922
4281 9928
4282 13066
4283 12061
4284 12138
4285 11141
4286 10517
4287 12882
4288 12384
4289 12420
4290 12458
4291 11401
4292 13079
4293 12658
4294 12733
4295 11315
4296 11424
4297 11510
4298 11550
4299 10119
4300 10657
4301 9755
4302 10795
4303 9857
4304 8955
4305 8758
4306 8086
4307 9228
4308 9259
4309 7805
4310 6927
4311 7498
4312 7079
4313 6559
4314 7598
4315 7445
4316 7603
4317 7750
4318 7895
4319 6940
4320 7963
4321 8020
4322 7199
4323 8038
4324 8199
4325 7200
4326 8247
4327 8272
4328 7355
4329 8438
4330 7041
4331 7202
4332 6490
4333 7741
4334 6256
4335 6062
4336 6974
4337 6909
4338 7093
4339 7121
4340 5736
4341 7278
4342 7321
4343 9408
4344 8497
4345 8528
4346 10613
4347 9617
4348 9760
4349 8864
4350 11811
4351 11870
4352 10461
4353 10940
4354 13058
4355 12114
4356 12225
4357 10810
4358 10715
4359 12406
4360 12386
4361 12474
4362 10977
4363 11381
4364 13557
4365 13571
4366 12677
4367 11257
4368 11750
4369 13897
4370 12499
4371 13044
4372 11568
4373 12122
4374 11232
4375 12807
4376 12284
4377 12366
4378 10999
4379 11260
4380 13568
4381 13648
4382 12643
4383 12662
4384 12145
4385 13781
4386 12355
4387 11915
4388 11971
4389 11009
4390 11123
4391 12177
4392 11285
4393 11326
4394 10374
4395 9906
4396 11451
4397 10566
4398 10130
4399 9638
4400 9621
4401 10818
4402 9364
4403 9790
4404 8992
4405 11025
4406 9567
4407 9665
4408 9123
4409 11209
4410 10272
4411 9846
4412 12310
4413 14455
4414 14034
4415 13506
4416 13182
4417 12627
4418 12346
4419 14821
4420 14833
4421 13875
4422 13952
4423 12530
4424 11970
4425 15131
4426 15160
4427 14278
4428 14356
4429 13369
4430 13401
4431 13455
4432 12538
4433 12666
4434 11674
4435 11729
4436 11770
4437 11806
4438 10912
4439 10965
4440 10014
4441 9813
4442 9183
4443 10214
4444 9796
4445 9330
4446 9288
4447 10374
4448 9986
4449 9492
4450 8602
4451 10626
4452 10668
4453 9715
4454 9193
4455 10849
4456 10931
4457 10042
4458 9922
4459 11177
4460 11249
4461 11308
4462 9881
4463 10389
4464 10468
4465 10492
4466 9589
4467 9643
4468 9785
4469 8871
4470 8931
4471 8025
4472 8021
4473 9161
4474 8256
4475 8326
4476 9385
4477 7972
4478 8501
4479 10556
4480 9593
4481 9724
4482 8564
4483 11359
4484 10908
4485 9963
4486 9753
4487 10611
4488 11234
4489 10220
4490 10229
4491 11375
4492 10453
4493 10529
4494 10517
4495 9134
4496 11700
4497 10822
4498 10403
4499 9935
4500 11997
4501 12089
4502 12144
4503 11178
4504 11167
4505 13343
4506 12974
4507 12066
4508 11167
4509 10791
4510 11864
4511 11903
4512 10952
4513 11032
4514 11090
4515 12142
4516 11244
4517 11236
4518 10882
4519 9800
4520 11453
4521 10558
4522 10633
4523 9499
4524 11763
4525 11780
4526 10821
4527 10351
4528 9876
4529 11093
4530 11164
4531 10246
4532 10239
4533 11276
4534 10884
4535 10474
4536 10482
4537 9067
4538 10685
4539 10697
4540 9730
4541 9829
4542 11865
4543 10964
4544 11043
4545 10132
4546 9249
4547 11797
4548 11349
4549 10469
4550 10002
4551 12639
4552 12638
4553 12287
4554 11853
4555 11227
4556 14036
4557 13118
4558 13179
4559 12249
4560 12318
4561 14410
4562 14507
4563 13578
4564 13652
4565 12682
4566 12720
4567 13803
4568 13558
4569 12944
4570 12999
4571 12113
4572 14226
4573 13289
4574 12352
4575 12400
4576 11481
4577 11430
4578 13616
4579 12680
4580 12730
4581 11867
4582 11868
4583 12921
4584 12943
4585 12558
4586 12118
4587 12237
4588 13237
4589 12331
4590 12378
4591 12484
4592 12392
4593 14585
4594 13608
4595 13722
4596 12341
4597 12894
4598 11912
4599 14016
4600 14046
4601 13097
4602 12725
4603 12270
4604 11391
4605 14318
4606 13372
4607 13535
4608 12105
4609 12631
4610 14720
4611 13827
4612 13885
4613 12480
4614 13017
4615 12258
4616 14147
4617 14233
4618 14258
4619 13355
4620 13383
4621 12451
4622 14585
4623 14284
4624 13720
4625 13740
4626 12881
4627 12544
4628 13943
4629 14048
4630 13113
4631 12752
4632 12321
4633 14391
4634 13407
4635 13008
4636 12478
4637 11072
4638 11545
4639 12618
4640 11640
4641 10734
4642 10348
4643 9837
4644 9142
4645 11030
4646 10106
4647 9705
4648 9225
4649 11307
4650 11342
4651 10457
4652 10523
4653 12591
4654 11650
4655 11716
4656 10730
4657 10191
4658 11922
4659 10950
4660 10564
4661 11118
4662 10083
4663 12238
4664 12279
4665 11320
4666 11379
4667 10461
4668 13087
4669 12656
4670 11761
4671 11758
4672 10867
4673 13954
4674 13022
4675 13069
4676 12100
4677 11287
4678 14245
4679 14191
4680 13254
4681 12407
4682 12425
4683 14546
4684 14490
4685 13587
4686 13676
4687 12292
4688 12797
4689 15865
4690 16153
4691 14982
4692 15087
4693 14122
4694 14152
4695 16310
4696 16333
4697 16385
4698 15479
4699 15523
4700 14612
4701 14070
4702 14720
4703 14751
4704 13329
4705 13898
4706 12979
4707 11598
4708 15165
4709 13694
4710 14309
4711 13358
4712 13356
4713 12421
4714 15524
4715 15556
4716 14163
4717 14724
4718 13804
4719 13823
4720 15970
4721 14553
4722 15069
4723 15145
4724 14159
4725 14243
4726 16297
4727 15425
4728 15457
4729 14442
4730 14482
4731 13645
4732 13554
4733 14692
4734 15168
4735 13862
4736 13909
4737 12950
4738 12989
4739 14033
4740 14121
4741 13210
4742 13286
4743 12351
4744 11466
4745 14482
4746 14590
4747 13634
4748 13729
4749 12211
4750 13845
4751 12422
4752 12968
4753 12023
4754 12104
4755 11169
4756 14259
4757 13283
4758 13371
4759 12442
4760 12460
4761 14590
4762 13715
4763 13631
4764 12723
4765 12830
4766 11193
4767 14931
4768 13992
4769 12582
4770 13140
4771 12228
4772 15290
4773 14393
4774 14275
4775 13268
4776 12918
4777 13345
4778 15520
4779 15582
4780 14685
4781 14297
4782 13856
4783 13889
4784 16000
4785 16079
4786 15091
4787 15138
4788 15129
4789 14187
4790 14320
4791 15340
4792 14371
4793 14417
4794 13477
4795 13115
4796 11875
4797 13738
4798 13790
4799 12947
4800 12918
4801 11975
4802 11922
4803 12086
4804 12095
4805 11135
4806 11257
4807 10302
4808 12433
4809 12468
4810 11562
4811 11620
4812 10687
4813 11718
4814 11877
4815 11840
4816 10961
4817 11002
4818 12011
4819 12091
4820 12218
4821 10809
4822 11256
4823 12425
4824 12490
4825 12519
4826 11623
4827 11639
4828 12771
4829 12844
4830 11930
4831 11907
4832 10823
4833 10121
4834 12131
4835 11199
4836 10815
4837 9797
4838 11425
4839 11410
4840 10465
4841 10522
4842 9646
4843 10696
4844 10708
4845 9786
4846 8460
4847 10818
4848 10884
4849 9937
4850 9984
4851 9115
4852 8943
4853 9169
4854 9308
4855 8262
4856 8241
4857 7383
4858 8436
4859 8527
4860 7628
4861 8657
4862 8282
4863 7776
4864 10906
4865 9871
4866 9862
4867 9718
4868 12082
4869 10668
4870 11168
4871 10777
4872 10162
4873 11159
4874 10166
4875 10241
4876 8662
4877 10397
4878 9390
4879 9427
4880 8419
4881 10607
4882 9676
4883 9712
4884 8735
4885 10908
4886 9993
4887 10031
4888 9070
4889 12178
4890 10742
4891 11306
4892 10401
4893 10414
4894 9443
4895 9562
4896 8651
4897 8707
4898 7767
4899 7680
4900 7824
4901 7669
4902 7070
4903 7078
4904 7113
4905 6330
4906 7376
4907 6393
4908 5900
4909 7458
4910 7071
4911 6644
4912 7708
4913 6332
4914 5863
4915 6413
4916 5263
4917 7020
4918 5621
4919 6076
4920 5248
4921 6331
4922 5743
4923 7437
4924 7568
4925 9612
4926 8718
4927 8225
4928 9848
4929 9858
4930 9130
4931 8513
4932 10234
4933 8816
4934 9320
4935 12390
4936 11459
4937 11494
4938 10471
4939 9586
4940 12195
4941 11693
4942 11350
4943 10447
4944 14032
4945 12608
4946 13107
4947 13101
4948 12176
4949 14303
4950 13358
4951 13355
4952 12925
4953 13433
4954 12519
4955 13615
4956 13601
4957 13692
4958 12761
4959 12373
4960 11820
4961 12501
4962 12004
4963 12018
4964 11114
4965 10694
4966 11272
4967 11268
4968 10327
4969 10380
4970 8972
4971 10571
4972 9106
4973 9662
4974 8691
4975 10836
4976 9890
4977 8490
4978 8958
4979 10965
4980 10580
4981 10152
4982 8726
4983 11315
4984 10425
4985 10458
4986 10474
4987 11528
4988 11576
4989 11571
4990 10648
4991 12749
4992 12682
4993 11748
4994 10352
4995 10868
4996 12924
4997 13044
4998 12963
4999 12049
5000 11779
Average  11548
Min  4483
Max  19350
END