1 1465
2 1499
3 1470
4 1547
5 1665
6 1707
7 0808
8 0838
9 1364
10 1026
11 2031
12 1169
13 1333
14 1270
15 1849
16 1358
17 1738
18 1556
19 1571
20 1657
21 1691
22 1331
23 1917
24 1055
25 1051
26 2021
27 1613
28 2119
29 1738
30 1271
31 1879
32 1642
33 1544
34 1614
35 1683
36 1723
37 0898
38 0929
39 1371
40 1070
41 2031
42 1183
43 1359
44 1249
45 1778
46 1341
47 1385
48 1437
49 2010
50 1539
51 2122
52 1674
53 1748
54 2304
55 1892
56 1978
57 2033
58 2042
59 2150
60 2128
61 2194
62 1651
63 1346
64 1428
65 1452
66 1551
67 1598
68 1666
69 1692
70 1319
71 0959
72 1904
73 1238
74 1285
75 2194
76 1803
77 1321
78 1375
79 1515
80 1572
81 1626
82 1672
83 1307
84 1873
85 1054
86 2012
87 2068
88 1553
89 1287
90 1293
91 1344
92 1482
93 1542
94 1585
95 1626
96 1733
97 0868
98 0924
99 0989
100 1058
101 1183
102 1197
103 1237
104 1284
105 1271
106 1348
107 1436
108 1442
109 1579
110 1608
111 1631
112 2223
113 1834
114 1852
115 1987
116 1986
117 1959
118 2051
119 2128
120 2185
121 1294
122 1383
123 1393
124 1436
125 1542
126 1609
127 1074
128 1747
129 0905
130 0861
131 1385
132 0995
133 1065
134 1559
135 1238
136 1263
137 1244
138 1319
139 1383
140 1459
141 1459
142 2045
143 2055
144 1663
145 1745
146 1851
147 1897
148 2010
149 2079
150 2551
151 1434
152 1263
153 1307
154 2176
155 1265
156 1353
157 1382
158 1077
159 1530
160 1613
161 1651
162 1745
163 0893
164 1373
165 1030
166 1161
167 1246
168 1247
169 4176
170 2247
171 0916
172 1431
173 2063
174 1608
175 1743
176 1767
177 1870
178 1948
179 2496
180 2010
181 2197
182 2722
183 1794
184 1387
185 1463
186 1505
187 1763
188 1676
189 1731
190 0849
191 0932
192 1974
193 1140
194 1223
195 1246
196 1290
197 1267
198 1342
199 1424
200 1489
201 1571
202 1652
203 1659
204 1695
205 1710
206 2311
207 1917
208 1998
209 2086
210 2599
211 1212
212 1306
213 1720
214 1444
215 1509
216 1590
217 1630
218 0832
219 0854
220 2344
221 1904
222 1056
223 1200
224 1167
225 1654
226 1258
227 1311
228 1370
229 1470
230 1520
231 1559
232 1684
233 1751
234 1849
235 1481
236 1996
237 1202
238 1215
239 1435
240 1378
241 1755
242 1514
243 1620
244 1733
245 0901
246 1319
247 0993
248 1496
249 1125
250 2138
251 1279
252 1377
253 1305
254 1385
255 1484
256 1526
257 1635
258 1690
259 1750
260 1792
261 2420
262 1948
263 2012
264 2117
265 2034
266 1964
267 2575
268 2332
269 2196
270 1279
271 1342
272 1458
273 1463
274 1593
275 1617
276 1689
277 1783
278 0920
279 0964
280 1051
281 1537
282 1189
283 2144
284 1303
285 1302
286 1893
287 1443
288 2005
289 1600
290 1703
291 1022
292 2341
293 2183
294 1995
295 2040
296 1622
297 2869
298 1280
299 1376
300 1431
301 1527
302 1561
303 1640
304 1756
305 0909
306 0909
307 0998
308 1061
309 1063
310 1122
311 1162
312 1233
313 1241
314 1367
315 1316
316 1363
317 1426
318 1502
319 1603
320 1655
321 1662
322 2254
323 1851
324 1954
325 1980
326 1521
327 2574
328 1262
329 2666
330 1756
331 1336
332 1433
333 1433
334 1540
335 1534
336 1659
337 1671
338 0849
339 0856
340 2405
341 1081
342 1148
343 1144
344 1153
345 1279
346 1334
347 1313
348 1338
349 1389
350 1478
351 1512
352 1593
353 1761
354 1748
355 1855
356 1870
357 1939
358 1495
359 1993
360 1526
361 1200
362 1113
363 2314
364 2167
365 1222
366 1291
367 1381
368 1467
369 1519
370 1550
371 1569
372 1653
373 1688
374 0861
375 0925
376 1905
377 1033
378 1201
379 1312
380 1136
381 1263
382 1241
383 1311
384 1347
385 1881
386 4398
387 2472
388 2047
389 1668
390 1733
391 0926
392 0989
393 1383
394 1297
395 1598
396 1250
397 2175
398 1310
399 1322
400 1422
401 1880
402 1579
403 1613
404 1691
405 2264
406 1762
407 1932
408 1942
409 2020
410 2033
411 2076
412 2198
413 1289
414 1342
415 1408
416 1463
417 1523
418 1612
419 1686
420 1708
421 0864
422 0947
423 1375
424 1026
425 1095
426 1172
427 1236
428 1276
429 1261
430 1367
431 1393
432 1440
433 1523
434 2049
435 1635
436 1777
437 2295
438 1342
439 1849
440 0982
441 1956
442 1997
443 2031
444 2143
445 1259
446 1266
447 1363
448 1377
449 1402
450 1481
451 1553
452 1623
453 1720
454 1765
455 0917
456 0941
457 1060
458 1136
459 1187
460 1247
461 1262
462 1325
463 1350
464 1333
465 2261
466 1472
467 1137
468 1639
469 1650
470 1725
471 2310
472 1874
473 1968
474 1998
475 1947
476 2049
477 2089
478 2129
479 2196
480 1267
481 1331
482 1408
483 1479
484 1534
485 1541
486 1710
487 0847
488 0920
489 1436
490 1001
491 1927
492 1150
493 1574
494 1175
495 2631
496 1249
497 1473
498 1339
499 1929
500 1489
501 1526
502 1606
503 1643
504 1767
505 1769
506 1862
507 1893
508 1965
509 2488
510 1565
511 1492
512 1209
513 1731
514 1334
515 1413
516 1466
517 1600
518 1627
519 1639
520 1694
521 1262
522 0945
523 1929
524 0987
525 1135
526 1134
527 1611
528 1230
529 2209
530 1305
531 1351
532 1451
533 1993
534 1563
535 1653
536 1709
537 1834
538 2342
539 1910
540 2005
541 2061
542 2169
543 2095
544 2710
545 1321
546 1316
547 1388
548 1392
549 1438
550 1489
551 1582
552 1674
553 1677
554 1243
555 0950
556 1931
557 1046
558 1223
559 1172
560 1213
561 1259
562 1726
563 1326
564 1338
565 1354
566 1947
567 1479
568 1681
569 1630
570 1708
571 1247
572 2268
573 1393
574 1418
575 1123
576 1611
577 2104
578 1282
579 1264
580 1343
581 1344
582 1355
583 1965
584 1424
585 0920
586 1506
587 1552
588 1621
589 1242
590 0901
591 1898
592 1036
593 1186
594 1137
595 1194
596 1657
597 1228
598 1668
599 1226
600 1517
601 1348
602 1420
603 3396
604 1471
605 1638
606 1685
607 1809
608 1244
609 1060
610 1157
611 1132
612 1212
613 1304
614 1308
615 1320
616 1415
617 1521
618 1587
619 1706
620 1717
621 1339
622 1941
623 1045
624 1144
625 2014
626 2641
627 1741
628 1273
629 1269
630 1393
631 1449
632 1489
633 1526
634 1987
635 1726
636 1739
637 0873
638 0903
639 0964
640 1097
641 1122
642 1212
643 1243
644 1263
645 1267
646 1344
647 1708
648 1448
649 1501
650 1578
651 1595
652 1716
653 1823
654 1899
655 1915
656 1983
657 2586
658 2157
659 1294
660 1343
661 1361
662 1095
663 1620
664 1688
665 1752
666 0859
667 1384
668 1041
669 2053
670 1227
671 1238
672 1288
673 1380
674 1970
675 1492
676 1488
677 1588
678 1690
679 1692
680 1800
681 2139
682 1952
683 1965
684 1597
685 2115
686 1391
687 1345
688 1398
689 1488
690 0826
691 1651
692 1904
693 0871
694 1852
695 0999
696 1135
697 1573
698 1186
699 2203
700 1272
701 1408
702 1478
703 1530
704 1615
705 1653
706 1278
707 1981
708 0916
709 2439
710 1967
711 2131
712 1218
713 1232
714 1337
715 1440
716 1487
717 2012
718 1606
719 1678
720 1750
721 0914
722 0967
723 1938
724 1506
725 1534
726 2017
727 1622
728 1399
729 1335
730 1320
731 1404
732 1458
733 2003
734 1677
735 1713
736 1759
737 1836
738 1943
739 1998
740 1384
741 2094
742 1738
743 1305
744 1390
745 1434
746 1523
747 1577
748 1725
749 1000
750 0893
751 0979
752 1054
753 1147
754 1208
755 1259
756 1242
757 1857
758 1461
759 1473
760 1581
761 1648
762 1278
763 1805
764 1417
765 2012
766 1206
767 1226
768 1202
769 1863
770 1292
771 1307
772 1337
773 1449
774 1549
775 1642
776 1725
777 0859
778 0962
779 2233
780 1059
781 1368
782 1247
783 1627
784 1286
785 2463
786 1297
787 1288
788 1373
789 1481
790 1571
791 1546
792 1677
793 1737
794 1840
795 1910
796 1974
797 2080
798 2179
799 1293
800 1296
801 1491
802 1485
803 1661
804 1676
805 2231
806 1305
807 2114
808 1069
809 1094
810 1169
811 1260
812 1259
813 1304
814 1364
815 1959
816 1540
817 1629
818 1684
819 1737
820 4784
821 2852
822 1379
823 1485
824 1274
825 2199
826 1251
827 1827
828 1361
829 1972
830 1514
831 1539
832 1628
833 1763
834 0879
835 1910
836 2015
837 2454
838 1408
839 2070
840 1248
841 1731
842 2451
843 1343
844 1392
845 1416
846 1523
847 1556
848 1205
849 1662
850 1693
851 1281
852 0861
853 1377
854 1864
855 1945
856 1027
857 1162
858 1550
859 1243
860 2176
861 1229
862 1298
863 1391
864 1984
865 1457
866 1564
867 1696
868 1712
869 1726
870 2377
871 1865
872 1924
873 1959
874 1988
875 2527
876 2109
877 2424
878 1238
879 1306
880 1388
881 1444
882 1476
883 0938
884 1613
885 1694
886 1266
887 0856
888 1875
889 1173
890 1198
891 1172
892 1202
893 1749
894 1307
895 1350
896 1944
897 1471
898 1548
899 1600
900 1662
901 1672
902 1729
903 1813
904 1952
905 1887
906 1513
907 2018
908 1287
909 2230
910 1304
911 1390
912 1464
913 1543
914 1599
915 1618
916 1673
917 1790
918 0876
919 0901
920 1921
921 1104
922 1200
923 1169
924 1150
925 1230
926 1236
927 1304
928 1327
929 0954
930 1985
931 1468
932 1506
933 1537
934 1643
935 1738
936 2247
937 1697
938 1828
939 1914
940 2284
941 2461
942 1972
943 1951
944 2063
945 2134
946 1240
947 1312
948 1395
949 1467
950 1506
951 1571
952 1619
953 2096
954 0930
955 1950
956 1044
957 1206
958 1167
959 1253
960 1344
961 1229
962 1473
963 1879
964 1405
965 1449
966 1561
967 1635
968 1745
969 1750
970 1866
971 1859
972 1904
973 1535
974 1967
975 1155
976 2320
977 1174
978 1278
979 1268
980 1292
981 0961
982 1486
983 1557
984 1577
985 1639
986 1231
987 0934
988 2231
989 1044
990 1377
991 1079
992 2045
993 1217
994 1358
995 1275
996 1344
997 1453
998 1432
999 1501
1000 1604
1001 1664
1002 1722
1003 1786
1004 1872
1005 1915
1006 3909
1007 1975
1008 2508
1009 1470
1010 1419
1011 1633
1012 2251
1013 1260
1014 1363
1015 1353
1016 1461
1017 1557
1018 1691
1019 1882
1020 1742
1021 1869
1022 1311
1023 1915
1024 0967
1025 1311
1026 2028
1027 2085
1028 2169
1029 1267
1030 1331
1031 1418
1032 1529
1033 1557
1034 1622
1035 1713
1036 0904
1037 1551
1038 1886
1039 1933
1040 1180
1041 1204
1042 1608
1043 1205
1044 1230
1045 1256
1046 1380
1047 1438
1048 1430
1049 1972
1050 1522
1051 1626
1052 1674
1053 2240
1054 1820
1055 1862
1056 1925
1057 1907
1058 1509
1059 2635
1060 1232
1061 1249
1062 2190
1063 1352
1064 1910
1065 1643
1066 1508
1067 1795
1068 1594
1069 1633
1070 1676
1071 1267
1072 0918
1073 1954
1074 1095
1075 1202
1076 1148
1077 1188
1078 1667
1079 1309
1080 1269
1081 1321
1082 1374
1083 1971
1084 1487
1085 1517
1086 1620
1087 1722
1088 1676
1089 2353
1090 1842
1091 2196
1092 2005
1093 2041
1094 1639
1095 2740
1096 1327
1097 1372
1098 1457
1099 1528
1100 1741
1101 1681
1102 1754
1103 1317
1104 0927
1105 1013
1106 1152
1107 1287
1108 1244
1109 1303
1110 1284
1111 1309
1112 1299
1113 1343
1114 1469
1115 1450
1116 1514
1117 0847
1118 1656
1119 1748
1120 1792
1121 1901
1122 2039
1123 1945
1124 1947
1125 2016
1126 1559
1127 2192
1128 1278
1129 1363
1130 1436
1131 1569
1132 1564
1133 1653
1134 1716
1135 0845
1136 1291
1137 1909
1138 1047
1139 1250
1140 1272
1141 1312
1142 1254
1143 1062
1144 2031
1145 1179
1146 1350
1147 1711
1148 1239
1149 1246
1150 1333
1151 1450
1152 1460
1153 1527
1154 1575
1155 1598
1156 1667
1157 2206
1158 1709
1159 1693
1160 1292
1161 1863
1162 1031
1163 1955
1164 1556
1165 1197
1166 1731
1167 1291
1168 1544
1169 1407
1170 1464
1171 1485
1172 1532
1173 1593
1174 1630
1175 1710
1176 2197
1177 1778
1178 0920
1179 0991
1180 1099
1181 1105
1182 1573
1183 1224
1184 1243
1185 1300
1186 1322
1187 1481
1188 1999
1189 1519
1190 1576
1191 1634
1192 1726
1193 1343
1194 1895
1195 1058
1196 2010
1197 2037
1198 2142
1199 1232
1200 1306
1201 1379
1202 1758
1203 1582
1204 1636
1205 1719
1206 1749
1207 0910
1208 0986
1209 1106
1210 1111
1211 1186
1212 1333
1213 1326
1214 1328
1215 1401
1216 1500
1217 1577
1218 1681
1219 2269
1220 1839
1221 2448
1222 1579
1223 3024
1224 1569
1225 2740
1226 0901
1227 1430
1228 1430
1229 1141
1230 2132
1231 1709
1232 1765
1233 2343
1234 1452
1235 1985
1236 1168
1237 2651
1238 1245
1239 1302
1240 1429
1241 1526
1242 1577
1243 1658
1244 1182
1245 0876
1246 0990
1247 1033
1248 1131
1249 1157
1250 1236
1251 1730
1252 1303
1253 1377
1254 1402
1255 1541
1256 1581
1257 1197
1258 1756
1259 2330
1260 1412
1261 1975
1262 1604
1263 1271
1264 1282
1265 1370
1266 1391
1267 1550
1268 1613
1269 1625
1270 1232
1271 0910
1272 1951
1273 1025
1274 1255
1275 1646
1276 1239
1277 1820
1278 1462
1279 1460
1280 1603
1281 1657
1282 1762
1283 1777
1284 2132
1285 1921
1286 1981
1287 2620
1288 1714
1289 1247
1290 1318
1291 1438
1292 1533
1293 1556
1294 1682
1295 1713
1296 0847
1297 0946
1298 1893
1299 1064
1300 1245
1301 1246
1302 1197
1303 1304
1304 1372
1305 1434
1306 2006
1307 1550
1308 1662
1309 1708
1310 1319
1311 2352
1312 1000
1313 1305
1314 2025
1315 1655
1316 1193
1317 1298
1318 1831
1319 1513
1320 1542
1321 1636
1322 1686
1323 1296
1324 1155
1325 1924
1326 1113
1327 1241
1328 1608
1329 1231
1330 2220
1331 1257
1332 1384
1333 1423
1334 1480
1335 1542
1336 1976
1337 1678
1338 1753
1339 1784
1340 1785
1341 1418
1342 1427
1343 1078
1344 1200
1345 2167
1346 2657
1347 1426
1348 1415
1349 1404
1350 1472
1351 1510
1352 1556
1353 1632
1354 1676
1355 1745
1356 0886
1357 0929
1358 1257
1359 1080
1360 1598
1361 1270
1362 1754
1363 1313
1364 1361
1365 1468
1366 1470
1367 1483
1368 2111
1369 1712
1370 1762
1371 1819
1372 1848
1373 1944
1374 1999
1375 1482
1376 2131
1377 1752
1378 1337
1379 1383
1380 1486
1381 1523
1382 1568
1383 1253
1384 0836
1385 0919
1386 1946
1387 1051
1388 1186
1389 1152
1390 1643
1391 1324
1392 1310
1393 1482
1394 1476
1395 1501
1396 1600
1397 2205
1398 1710
1399 1796
1400 1897
1401 1988
1402 2015
1403 2063
1404 1719
1405 1327
1406 1367
1407 1412
1408 1503
1409 1572
1410 1590
1411 1674
1412 0814
1413 1282
1414 1887
1415 2466
1416 1187
1417 1130
1418 1138
1419 1346
1420 1360
1421 1353
1422 1348
1423 1356
1424 1480
1425 1521
1426 1568
1427 1818
1428 1752
1429 2313
1430 1905
1431 1938
1432 2529
1433 2122
1434 2651
1435 1741
1436 1280
1437 1334
1438 1437
1439 1453
1440 4417
1441 2489
1442 1132
1443 1704
1444 1721
1445 1012
1446 1690
1447 1758
1448 1765
1449 1377
1450 1909
1451 1069
1452 2052
1453 2119
1454 2079
1455 1255
1456 1258
1457 1831
1458 1453
1459 1429
1460 1553
1461 1566
1462 1812
1463 1562
1464 1582
1465 1911
1466 1752
1467 1786
1468 0905
1469 0943
1470 1418
1471 1079
1472 1211
1473 1190
1474 1667
1475 1302
1476 1776
1477 1252
1478 1397
1479 1436
1480 1543
1481 1545
1482 2092
1483 1686
1484 2248
1485 1795
1486 1831
1487 2399
1488 1898
1489 1985
1490 2539
1491 1494
1492 2134
1493 1214
1494 1330
1495 1374
1496 1379
1497 1923
1498 1551
1499 1539
1500 1804
1501 1696
1502 1274
1503 0949
1504 1984
1505 1022
1506 1326
1507 1178
1508 1256
1509 1265
1510 1279
1511 1336
1512 1897
1513 1370
1514 1416
1515 1412
1516 1572
1517 1510
1518 1628
1519 1643
1520 1687
1521 1735
1522 1808
1523 1830
1524 1958
1525 1553
1526 1995
1527 1183
1528 1210
1529 1222
1530 1482
1531 1420
1532 1460
1533 1518
1534 1600
1535 1672
1536 1705
1537 0877
1538 1406
1539 1054
1540 1879
1541 1469
1542 1219
1543 2122
1544 1197
1545 1240
1546 2217
1547 1281
1548 1881
1549 1514
1550 1564
1551 2082
1552 1639
1553 1275
1554 1817
1555 1017
1556 1094
1557 2040
1558 1667
1559 2175
1560 1285
1561 1288
1562 1511
1563 1477
1564 1538
1565 1508
1566 2307
1567 1282
1568 0900
1569 1462
1570 1399
1571 1470
1572 1527
1573 1625
1574 1845
1575 1762
1576 1086
1577 0887
1578 2297
1579 1888
1580 1960
1581 1051
1582 1185
1583 1103
1584 1215
1585 1231
1586 1269
1587 1276
1588 1744
1589 1342
1590 1335
1591 1390
1592 1477
1593 1480
1594 1579
1595 1618
1596 2025
1597 1792
1598 1910
1599 1880
1600 1515
1601 2019
1602 1206
1603 2133
1604 1243
1605 1257
1606 1372
1607 1395
1608 1472
1609 1556
1610 1614
1611 1637
1612 1725
1613 1272
1614 0924
1615 1957
1616 1078
1617 1204
1618 1150
1619 1290
1620 1294
1621 1327
1622 1876
1623 1510
1624 1582
1625 1643
1626 1723
1627 1809
1628 1838
1629 1907
1630 1982
1631 2146
1632 2187
1633 1404
1634 1326
1635 1305
1636 1409
1637 1406
1638 1471
1639 1565
1640 1686
1641 1712
1642 1832
1643 0937
1644 0997
1645 1041
1646 1060
1647 1091
1648 1187
1649 1271
1650 1782
1651 1334
1652 1413
1653 1483
1654 1546
1655 1539
1656 4573
1657 2660
1658 1855
1659 1961
1660 1041
1661 1032
1662 1065
1663 1100
1664 1175
1665 1246
1666 1208
1667 1722
1668 1370
1669 1365
1670 1384
1671 1990
1672 1551
1673 1594
1674 1670
1675 1726
1676 1760
1677 1399
1678 1958
1679 1978
1680 1949
1681 2023
1682 2236
1683 1181
1684 1234
1685 1311
1686 1415
1687 1442
1688 1548
1689 1542
1690 1657
1691 1727
1692 0966
1693 0963
1694 0933
1695 0994
1696 1506
1697 1112
1698 2634
1699 1277
1700 1240
1701 1268
1702 1915
1703 1407
1704 1526
1705 2045
1706 1559
1707 1700
1708 1766
1709 2006
1710 1295
1711 1891
1712 1334
1713 1997
1714 1643
1715 1268
1716 1471
1717 1843
1718 1427
1719 1468
1720 1543
1721 1589
1722 1255
1723 0808
1724 0928
1725 1860
1726 1014
1727 1182
1728 1189
1729 1272
1730 1224
1731 1341
1732 1926
1733 1525
1734 1547
1735 1581
1736 1864
1737 2284
1738 0955
1739 1897
1740 1930
1741 2000
1742 2066
1743 2161
1744 1230
1745 1271
1746 1362
1747 1516
1748 1501
1749 1653
1750 1711
1751 0839
1752 1019
1753 2387
1754 1445
1755 1104
1756 2110
1757 1706
1758 1273
1759 1340
1760 1437
1761 1431
1762 1160
1763 1663
1764 1746
1765 1812
1766 1833
1767 1219
1768 2024
1769 2096
1770 2129
1771 1252
1772 1297
1773 1446
1774 1513
1775 1605
1776 1704
1777 1761
1778 0889
1779 1013
1780 1099
1781 1885
1782 1176
1783 1714
1784 1233
1785 1862
1786 1407
1787 1460
1788 1749
1789 1626
1790 1665
1791 2180
1792 1876
1793 1986
1794 2005
1795 2582
1796 2196
1797 2170
1798 2243
1799 1835
1800 1409
1801 1492
1802 1580
1803 1655
1804 1693
1805 0826
1806 0947
1807 1243
1808 1130
1809 2117
1810 1221
1811 1215
1812 1291
1813 1438
1814 1460
1815 2010
1816 1597
1817 1673
1818 1747
1819 1839
1820 1451
1821 2014
1822 1207
1823 1445
1824 1252
1825 1345
1826 1448
1827 1594
1828 1616
1829 1674
1830 1703
1831 1727
1832 0872
1833 0940
1834 0986
1835 1116
1836 1236
1837 1211
1838 1303
1839 1291
1840 1565
1841 1463
1842 1492
1843 1586
1844 1216
1845 1754
1846 1804
1847 1868
1848 1973
1849 2046
1850 2077
1851 2655
1852 1261
1853 1330
1854 0965
1855 1393
1856 1480
1857 1486
1858 1568
1859 1627
1860 1679
1861 0805
1862 1332
1863 1902
1864 1440
1865 1023
1866 2037
1867 1200
1868 1295
1869 1288
1870 1752
1871 1323
1872 1351
1873 1476
1874 3417
1875 1481
1876 2161
1877 3751
1878 1826
1879 3011
1880 1092
1881 2012
1882 1131
1883 1174
1884 1162
1885 1285
1886 1648
1887 1254
1888 1871
1889 1469
1890 1984
1891 1513
1892 1321
1893 1663
1894 0854
1895 0913
1896 1903
1897 2466
1898 2007
1899 2131
1900 2145
1901 1284
1902 1312
1903 1355
1904 1073
1905 1665
1906 1553
1907 1602
1908 1717
1909 1761
1910 0885
1911 0869
1912 1016
1913 1106
1914 1603
1915 1251
1916 2200
1917 1249
1918 1354
1919 1427
1920 1526
1921 1568
1922 1651
1923 1721
1924 1732
1925 2278
1926 1373
1927 1933
1928 1074
1929 2005
1930 2646
1931 1695
1932 1301
1933 1271
1934 1358
1935 1442
1936 1479
1937 1603
1938 1657
1939 1602
1940 2205
1941 0842
1942 1821
1943 2009
1944 1098
1945 1475
1946 1134
1947 2082
1948 1248
1949 1249
1950 1338
1951 2297
1952 2239
1953 1540
1954 1339
1955 1434
1956 1455
1957 2119
1958 1655
1959 1752
1960 1901
1961 2367
1962 1895
1963 2444
1964 1400
1965 2087
1966 1277
1967 1278
1968 1319
1969 1394
1970 1383
1971 1481
1972 1592
1973 1628
1974 1714
1975 0860
1976 0936
1977 1931
1978 1023
1979 1135
1980 1157
1981 1224
1982 1220
1983 1276
1984 1323
1985 1447
1986 1508
1987 1668
1988 2106
1989 1670
1990 1242
1991 1299
1992 1375
1993 1518
1994 1505
1995 1535
1996 2123
1997 1668
1998 1703
1999 2327
2000 1898
2001 1998
2002 2519
2003 2072
2004 2163
2005 2749
2006 1333
2007 1372
2008 1418
2009 1502
2010 1586
2011 1571
2012 1610
2013 1769
2014 1110
2015 0944
2016 1212
2017 0977
2018 1042
2019 1591
2020 1200
2021 2149
2022 1291
2023 1293
2024 1327
2025 1399
2026 1461
2027 1539
2028 1690
2029 1722
2030 1798
2031 1877
2032 1926
2033 2482
2034 1583
2035 2607
2036 1268
2037 1280
2038 1386
2039 1397
2040 1464
2041 1573
2042 1633
2043 1686
2044 1810
2045 0917
2046 1417
2047 1105
2048 1952
2049 1155
2050 1631
2051 1234
2052 1265
2053 1332
2054 1408
2055 2001
2056 1575
2057 2143
2058 1693
2059 1776
2060 1833
2061 1901
2062 1918
2063 2255
2064 2089
2065 2111
2066 1728
2067 1226
2068 1307
2069 1402
2070 1455
2071 1529
2072 1216
2073 1693
2074 1778
2075 0931
2076 0932
2077 1383
2078 1083
2079 2040
2080 1322
2081 1308
2082 1703
2083 1262
2084 1305
2085 1325
2086 1446
2087 1574
2088 1592
2089 1626
2090 1247
2091 2715
2092 1247
2093 1954
2094 1969
2095 1184
2096 1212
2097 1205
2098 1359
2099 1756
2100 1266
2101 1364
2102 1434
2103 1477
2104 2071
2105 1630
2106 1721
2107 1794
2108 1808
2109 1917
2110 1962
2111 2010
2112 2060
2113 1683
2114 1304
2115 1358
2116 1387
2117 1511
2118 1573
2119 1631
2120 1698
2121 1273
2122 1828
2123 1919
2124 1088
2125 1253
2126 1231
2127 1291
2128 1294
2129 1376
2130 1428
2131 1524
2132 1594
2133 1666
2134 1799
2135 1721
2136 1821
2137 1448
2138 2280
2139 1749
2140 1822
2141 0954
2142 1905
2143 2278
2144 2014
2145 2059
2146 2670
2147 1274
2148 1309
2149 1385
2150 1459
2151 1441
2152 1461
2153 1544
2154 0873
2155 1529
2156 1596
2157 1678
2158 1687
2159 0864
2160 0905
2161 1018
2162 1050
2163 1102
2164 1167
2165 1216
2166 1299
2167 1209
2168 1272
2169 1805
2170 1364
2171 1953
2172 1511
2173 1557
2174 1655
2175 1270
2176 1862
2177 1046
2178 1129
2179 2036
2180 2073
2181 2151
2182 1234
2183 1321
2184 1396
2185 1445
2186 1525
2187 1533
2188 1642
2189 1698
2190 1284
2191 1840
2192 1100
2193 1107
2194 1637
2195 1266
2196 1271
2197 1340
2198 1418
2199 1407
2200 1980
2201 1703
2202 1600
2203 1756
2204 1678
2205 2282
2206 1861
2207 2441
2208 1586
2209 2105
2210 1205
2211 1414
2212 1800
2213 1349
2214 1369
2215 1431
2216 1486
2217 1535
2218 1650
2219 1677
2220 1749
2221 1835
2222 0924
2223 1915
2224 1020
2225 1245
2226 1185
2227 1269
2228 1717
2229 1253
2230 1331
2231 1344
2232 1702
2233 1572
2234 2136
2235 1741
2236 2067
2237 1797
2238 1921
2239 1994
2240 1996
2241 2063
2242 2101
2243 2178
2244 1270
2245 1370
2246 1698
2247 1462
2248 1535
2249 1584
2250 1627
2251 1787
2252 0850
2253 1129
2254 1997
2255 1165
2256 1335
2257 1273
2258 1231
2259 1328
2260 1336
2261 1037
2262 1557
2263 1627
2264 1612
2265 1682
2266 1754
2267 1277
2268 1945
2269 1073
2270 1587
2271 2655
2272 1259
2273 1323
2274 1375
2275 1445
2276 1532
2277 1619
2278 1695
2279 0913
2280 1362
2281 1034
2282 2578
2283 1627
2284 1245
2285 2209
2286 1259
2287 1349
2288 1358
2289 1484
2290 1586
2291 1640
2292 1668
2293 1939
2294 1820
2295 1906
2296 1893
2297 2353
2298 2110
2299 2179
2300 1245
2301 1351
2302 1458
2303 1469
2304 1577
2305 0873
2306 1692
2307 0891
2308 2793
2309 1391
2310 2034
2311 1190
2312 1262
2313 1257
2314 1292
2315 1355
2316 1494
2317 1483
2318 1541
2319 1272
2320 1677
2321 1662
2322 1766
2323 0867
2324 1390
2325 1006
2326 1990
2327 1122
2328 1252
2329 1245
2330 1273
2331 1280
2332 1336
2333 1429
2334 2031
2335 1522
2336 2124
2337 1653
2338 1683
2339 1341
2340 1840
2341 0969
2342 2005
2343 2011
2344 1151
2345 2118
2346 2196
2347 1278
2348 1295
2349 1378
2350 1064
2351 1539
2352 1690
2353 2067
2354 0840
2355 2352
2356 0970
2357 1048
2358 1089
2359 1132
2360 1197
2361 1277
2362 1729
2363 1336
2364 1410
2365 1522
2366 1511
2367 1592
2368 1672
2369 1728
2370 2284
2371 1389
2372 1779
2373 0949
2374 1970
2375 1996
2376 1137
2377 1665
2378 1279
2379 1327
2380 1361
2381 1467
2382 1524
2383 1576
2384 1618
2385 1297
2386 1710
2387 0855
2388 0908
2389 1942
2390 1423
2391 1207
2392 2098
2393 1227
2394 1383
2395 1506
2396 1380
2397 1955
2398 1458
2399 1533
2400 1629
2401 2237
2402 1799
2403 1836
2404 1884
2405 2514
2406 2017
2407 1641
2408 1378
2409 1275
2410 1862
2411 1404
2412 1527
2413 1524
2414 1601
2415 1661
2416 1760
2417 0884
2418 1252
2419 1043
2420 1074
2421 1159
2422 1251
2423 1239
2424 1320
2425 1395
2426 1463
2427 2025
2428 1604
2429 2008
2430 1749
2431 1780
2432 1428
2433 1942
2434 1578
2435 2080
2436 1255
2437 1269
2438 1293
2439 0882
2440 1499
2441 1533
2442 1582
2443 2030
2444 1746
2445 1749
2446 0895
2447 1019
2448 1264
2449 1248
2450 1210
2451 1261
2452 1260
2453 1765
2454 1426
2455 1436
2456 1565
2457 1621
2458 1658
2459 1764
2460 1842
2461 1908
2462 1523
2463 1993
2464 1213
2465 1221
2466 1284
2467 1405
2468 1439
2469 1586
2470 1602
2471 1702
2472 0926
2473 0963
2474 1938
2475 0990
2476 1169
2477 1536
2478 1144
2479 2154
2480 1274
2481 1291
2482 1454
2483 1573
2484 1578
2485 1571
2486 1683
2487 1733
2488 1825
2489 1912
2490 1894
2491 1538
2492 2055
2493 1184
2494 1340
2495 2209
2496 1290
2497 1415
2498 1493
2499 1549
2500 1216
2501 1623
2502 1741
2503 0852
2504 0892
2505 1923
2506 1058
2507 1224
2508 1163
2509 1182
2510 1302
2511 1296
2512 1285
2513 1381
2514 1447
2515 1474
2516 1584
2517 1737
2518 1688
2519 1798
2520 1895
2521 2021
2522 2233
2523 1657
2524 4719
2525 2789
2526 1319
2527 2817
2528 2165
2529 0899
2530 0991
2531 1483
2532 1120
2533 2085
2534 1225
2535 1358
2536 1282
2537 1365
2538 1361
2539 1418
2540 1453
2541 1513
2542 1576
2543 1642
2544 1717
2545 1744
2546 2325
2547 1905
2548 1966
2549 2017
2550 2493
2551 2046
2552 2063
2553 1505
2554 1267
2555 1317
2556 2179
2557 1311
2558 1731
2559 1386
2560 1992
2561 1568
2562 1661
2563 1000
2564 0915
2565 0870
2566 1361
2567 1010
2568 1079
2569 1243
2570 1218
2571 2133
2572 1719
2573 1249
2574 1309
2575 1333
2576 1454
2577 1513
2578 1545
2579 2116
2580 1788
2581 1730
2582 1816
2583 1836
2584 1919
2585 1310
2586 2061
2587 1253
2588 1274
2589 1323
2590 1331
2591 1408
2592 1500
2593 1491
2594 1587
2595 1668
2596 1766
2597 1774
2598 0914
2599 0974
2600 1045
2601 1118
2602 1594
2603 1265
2604 1791
2605 1281
2606 1368
2607 1526
2608 1563
2609 2089
2610 1678
2611 2280
2612 1882
2613 1941
2614 2197
2615 2042
2616 2115
2617 2187
2618 1275
2619 1338
2620 1408
2621 1556
2622 1546
2623 1637
2624 1654
2625 1302
2626 1345
2627 1469
2628 1503
2629 1574
2630 1662
2631 1690
2632 0859
2633 0895
2634 1935
2635 1053
2636 1240
2637 1194
2638 1662
2639 1221
2640 1269
2641 1315
2642 1432
2643 1451
2644 1488
2645 2054
2646 1608
2647 1641
2648 1242
2649 1826
2650 1364
2651 1972
2652 1295
2653 2039
2654 1176
2655 1282
2656 1252
2657 1907
2658 1437
2659 1503
2660 1604
2661 1544
2662 1226
2663 1737
2664 0896
2665 0982
2666 1204
2667 1101
2668 1592
2669 1295
2670 1232
2671 1261
2672 1341
2673 1496
2674 1506
2675 2129
2676 1630
2677 1678
2678 1771
2679 1833
2680 1447
2681 1997
2682 1609
2683 2062
2684 1243
2685 1275
2686 1309
2687 1357
2688 1455
2689 1511
2690 0982
2691 1614
2692 1724
2693 1771
2694 1803
2695 1372
2696 1133
2697 1042
2698 1134
2699 1166
2700 1298
2701 1263
2702 1320
2703 1350
2704 1417
2705 1591
2706 1556
2707 1611
2708 1600
2709 1698
2710 1330
2711 2123
2712 1023
2713 2007
2714 2575
2715 2149
2716 2098
2717 2305
2718 1318
2719 1373
2720 1447
2721 1417
2722 1100
2723 1597
2724 1687
2725 0822
2726 0830
2727 2395
2728 2338
2729 1064
2730 1142
2731 1252
2732 1299
2733 1270
2734 1341
2735 1410
2736 1433
2737 2002
2738 1609
2739 1640
2740 1695
2741 3775
2742 1796
2743 1345
2744 1458
2745 1068
2746 1147
2747 2069
2748 2117
2749 2678
2750 1806
2751 1395
2752 1472
2753 1534
2754 1565
2755 1716
2756 1729
2757 0850
2758 0925
2759 2501
2760 1142
2761 1221
2762 1275
2763 1227
2764 1341
2765 1377
2766 1425
2767 1905
2768 1593
2769 1836
2770 1766
2771 2270
2772 1399
2773 1984
2774 1608
2775 2106
2776 1229
2777 1262
2778 1294
2779 1399
2780 1454
2781 1480
2782 1568
2783 1666
2784 1747
2785 0863
2786 0963
2787 0983
2788 1482
2789 1115
2790 2177
2791 1265
2792 1374
2793 1295
2794 1314
2795 1610
2796 1634
2797 1575
2798 1642
2799 1672
2800 1740
2801 1856
2802 1894
2803 1902
2804 1914
2805 1942
2806 1403
2807 2173
2808 1243
2809 1241
2810 1854
2811 1413
2812 1434
2813 1542
2814 1574
2815 1671
2816 1716
2817 0873
2818 0921
2819 0945
2820 1068
2821 1732
2822 1181
2823 2190
2824 1250
2825 1362
2826 1437
2827 1504
2828 1570
2829 1987
2830 1767
2831 1847
2832 1903
2833 2025
2834 2514
2835 2091
2836 2130
2837 1765
2838 1350
2839 1398
2840 1531
2841 1539
2842 2173
2843 1253
2844 1898
2845 1873
2846 1013
2847 1176
2848 1316
2849 1229
2850 1458
2851 1254
2852 1343
2853 1451
2854 1506
2855 1585
2856 1675
2857 2042
2858 1792
2859 2448
2860 1963
2861 2097
2862 2160
2863 1247
2864 1359
2865 1394
2866 1470
2867 1579
2868 1683
2869 0858
2870 0867
2871 0976
2872 1048
2873 1233
2874 1538
2875 1160
2876 2179
2877 1292
2878 1314
2879 1292
2880 1392
2881 1457
2882 1503
2883 1577
2884 1629
2885 2238
2886 1782
2887 1831
2888 1909
2889 2012
2890 2034
2891 2047
2892 2078
2893 1231
2894 1294
2895 1387
2896 1398
2897 1535
2898 1585
2899 1610
2900 1150
2901 0886
2902 0885
2903 0937
2904 1934
2905 1102
2906 1222
2907 1641
2908 1225
2909 1309
2910 1352
2911 1346
2912 1425
2913 1148
2914 1633
2915 1597
2916 1650
2917 1691
2918 1306
2919 1883
2920 1010
2921 1984
2922 2098
2923 1277
2924 2319
2925 1283
2926 1320
2927 1368
2928 1453
2929 1551
2930 1589
2931 1617
2932 1750
2933 0929
2934 1005
2935 1024
2936 1091
2937 1191
2938 1234
2939 1254
2940 1773
2941 1354
2942 1411
2943 1433
2944 1461
2945 1590
2946 2136
2947 1238
2948 1741
2949 1355
2950 1996
2951 1120
2952 1208
2953 2343
2954 1228
2955 1279
2956 1372
2957 1392
2958 4415
2959 2474
2960 1070
2961 1720
2962 1675
2963 0846
2964 0921
2965 1898
2966 0976
2967 1401
2968 1120
2969 1182
2970 1202
2971 1275
2972 1266
2973 1362
2974 1467
2975 1442
2976 1710
2977 1603
2978 1680
2979 2149
2980 1674
2981 1756
2982 1852
2983 2437
2984 1560
2985 2058
2986 2092
2987 2216
2988 1320
2989 1345
2990 1444
2991 1520
2992 1964
2993 1652
2994 1699
2995 0829
2996 0905
2997 1952
2998 1226
2999 1194
3000 1126
3001 1225
3002 1310
3003 1325
3004 1262
3005 1377
3006 1364
3007 1079
3008 1534
3009 1624
3010 1651
3011 1671
3012 1790
3013 2359
3014 1889
3015 1516
3016 1990
3017 1259
3018 1287
3019 1818
3020 1377
3021 1907
3022 1480
3023 1534
3024 1613
3025 1682
3026 1759
3027 0888
3028 1125
3029 1046
3030 1150
3031 1172
3032 1613
3033 1280
3034 1215
3035 1296
3036 1471
3037 1432
3038 1437
3039 1525
3040 2095
3041 1629
3042 1276
3043 1819
3044 1888
3045 1893
3046 1488
3047 2039
3048 1146
3049 1265
3050 2352
3051 1239
3052 1349
3053 1890
3054 1414
3055 1456
3056 1559
3057 1622
3058 1618
3059 1682
3060 1757
3061 0871
3062 0892
3063 0927
3064 1025
3065 1143
3066 1226
3067 1276
3068 1698
3069 1260
3070 1418
3071 1434
3072 1442
3073 1999
3074 1589
3075 1645
3076 1631
3077 1697
3078 1766
3079 2516
3080 1873
3081 2425
3082 1511
3083 1995
3084 1186
3085 2128
3086 2195
3087 1266
3088 1422
3089 1378
3090 1448
3091 1533
3092 1602
3093 1296
3094 0841
3095 1704
3096 1812
3097 1361
3098 0961
3099 1483
3100 1117
3101 2126
3102 1709
3103 1262
3104 1824
3105 1440
3106 1511
3107 1512
3108 1647
3109 1652
3110 2235
3111 1336
3112 1842
3113 0979
3114 1101
3115 2019
3116 1398
3117 2225
3118 1296
3119 1351
3120 1462
3121 1548
3122 1637
3123 1675
3124 1747
3125 0850
3126 0943
3127 1907
3128 1052
3129 1177
3130 1171
3131 1262
3132 1297
3133 1311
3134 1386
3135 1505
3136 1361
3137 1373
3138 1512
3139 1561
3140 1572
3141 2208
3142 1793
3143 1817
3144 1857
3145 1498
3146 2009
3147 1227
3148 2226
3149 1297
3150 1364
3151 1359
3152 1479
3153 1501
3154 1390
3155 1479
3156 1617
3157 1641
3158 1705
3159 1695
3160 0845
3161 0935
3162 1016
3163 1463
3164 1117
3165 2121
3166 1275
3167 1414
3168 1351
3169 1820
3170 1345
3171 1909
3172 1436
3173 1563
3174 1605
3175 3661
3176 1735
3177 1775
3178 1358
3179 1032
3180 1970
3181 1560
3182 1279
3183 2094
3184 1231
3185 1358
3186 1244
3187 1845
3188 1362
3189 1982
3190 1832
3191 1634
3192 1705
3193 2298
3194 1890
3195 2011
3196 1941
3197 2008
3198 2346
3199 1627
3200 2116
3201 1208
3202 1316
3203 1912
3204 1472
3205 1504
3206 1597
3207 1685
3208 1732
3209 0859
3210 2401
3211 1173
3212 1270
3213 1123
3214 1155
3215 1652
3216 1291
3217 1306
3218 1323
3219 1383
3220 1463
3221 1548
3222 1650
3223 1766
3224 1772
3225 1848
3226 1920
3227 1528
3228 2029
3229 1163
3230 1234
3231 1783
3232 1348
3233 1483
3234 1683
3235 1565
3236 1602
3237 1705
3238 1742
3239 0919
3240 1362
3241 1051
3242 1970
3243 1211
3244 1311
3245 2234
3246 1765
3247 1255
3248 1338
3249 1455
3250 1459
3251 1520
3252 1538
3253 2180
3254 2057
3255 1676
3256 2213
3257 1308
3258 1848
3259 1961
3260 2065
3261 2017
3262 2143
3263 1262
3264 1299
3265 1369
3266 1945
3267 1506
3268 1678
3269 1656
3270 1755
3271 0895
3272 0987
3273 0976
3274 1450
3275 1046
3276 2108
3277 1263
3278 1739
3279 1316
3280 1704
3281 1475
3282 1519
3283 2121
3284 1668
3285 1772
3286 1855
3287 1920
3288 1955
3289 1606
3290 2151
3291 1773
3292 1334
3293 1358
3294 1457
3295 1537
3296 1638
3297 1689
3298 0815
3299 1342
3300 1893
3301 1953
3302 1565
3303 1290
3304 2220
3305 1267
3306 1317
3307 1365
3308 1500
3309 1548
3310 1977
3311 1697
3312 1781
3313 1854
3314 2272
3315 2031
3316 2091
3317 1531
3318 2047
3319 1148
3320 2186
3321 1229
3322 1853
3323 1397
3324 1483
3325 1633
3326 1591
3327 1631
3328 1747
3329 0826
3330 0946
3331 1814
3332 0939
3333 1452
3334 1128
3335 2038
3336 1193
3337 1366
3338 1302
3339 1709
3340 1377
3341 1446
3342 1485
3343 1788
3344 1643
3345 1267
3346 2313
3347 1277
3348 1959
3349 1094
3350 1224
3351 1248
3352 1302
3353 1392
3354 1442
3355 1548
3356 1606
3357 1147
3358 1693
3359 0856
3360 0994
3361 1048
3362 1099
3363 1185
3364 1274
3365 1297
3366 1385
3367 1396
3368 1563
3369 1571
3370 1675
3371 1671
3372 1767
3373 1334
3374 1991
3375 1174
3376 1221
3377 1252
3378 1311
3379 1410
3380 1461
3381 1497
3382 1621
3383 1691
3384 1254
3385 1826
3386 1879
3387 1029
3388 1228
3389 1209
3390 1278
3391 1579
3392 4733
3393 2800
3394 1357
3395 1528
3396 2135
3397 1706
3398 1763
3399 0934
3400 1002
3401 1492
3402 1155
3403 2100
3404 1199
3405 1413
3406 1309
3407 1344
3408 1454
3409 1498
3410 1543
3411 1671
3412 1892
3413 1923
3414 2364
3415 1892
3416 1464
3417 1984
3418 1135
3419 2083
3420 2150
3421 1261
3422 1821
3423 1352
3424 1814
3425 1005
3426 1569
3427 1603
3428 1705
3429 0879
3430 0924
3431 0868
3432 1864
3433 0977
3434 1099
3435 1058
3436 1165
3437 1193
3438 1292
3439 1395
3440 1816
3441 1500
3442 1436
3443 1497
3444 1617
3445 1564
3446 1638
3447 1279
3448 1820
3449 0923
3450 1926
3451 2506
3452 2096
3453 2123
3454 1309
3455 1268
3456 1428
3457 1476
3458 1492
3459 1565
3460 1632
3461 1694
3462 1758
3463 0868
3464 0939
3465 0948
3466 1035
3467 1037
3468 1067
3469 1073
3470 1160
3471 1210
3472 1305
3473 1331
3474 1289
3475 1363
3476 1400
3477 1450
3478 1520
3479 2088
3480 1670
3481 1698
3482 1780
3483 2320
3484 1881
3485 1950
3486 1968
3487 2017
3488 2024
3489 2579
3490 1716
3491 1290
3492 1277
3493 1379
3494 1390
3495 1465
3496 1504
3497 1607
3498 1676
3499 1275
3500 0878
3501 1873
3502 1210
3503 1108
3504 1107
3505 1132
3506 1201
3507 1221
3508 1280
3509 1836
3510 1377
3511 1834
3512 1502
3513 1609
3514 1674
3515 1707
3516 1811
3517 1898
3518 2453
3519 1954
3520 2075
3521 2084
3522 2151
3523 1239
3524 1227
3525 1287
3526 1386
3527 1583
3528 1536
3529 1607
3530 1650
3531 1705
3532 0842
3533 0971
3534 1988
3535 1068
3536 1218
3537 1174
3538 1238
3539 1289
3540 1392
3541 1795
3542 1317
3543 1429
3544 1693
3545 1534
3546 1518
3547 1851
3548 1672
3549 1714
3550 1807
3551 1970
3552 1901
3553 1977
3554 1537
3555 2134
3556 1210
3557 1231
3558 1348
3559 1509
3560 1460
3561 1510
3562 1596
3563 1668
3564 1747
3565 0852
3566 1329
3567 1915
3568 1944
3569 1087
3570 1564
3571 1216
3572 2262
3573 1292
3574 1290
3575 1343
3576 1448
3577 1091
3578 1642
3579 1610
3580 1683
3581 1705
3582 1750
3583 1787
3584 1825
3585 1454
3586 1968
3587 1137
3588 2169
3589 2124
3590 1386
3591 1338
3592 1311
3593 1434
3594 1505
3595 1600
3596 0911
3597 1740
3598 1820
3599 0937
3600 1006
3601 1501
3602 1095
3603 2237
3604 1294
3605 1315
3606 1237
3607 1313
3608 1315
3609 3393
3610 1458
3611 1076
3612 1627
3613 2174
3614 1750
3615 1838
3616 1871
3617 1916
3618 1507
3619 2024
3620 1277
3621 2726
3622 1368
3623 1819
3624 0977
3625 1460
3626 1496
3627 1157
3628 1693
3629 1777
3630 0858
3631 1362
3632 2361
3633 2014
3634 1217
3635 1222
3636 1233
3637 1233
3638 1333
3639 1365
3640 1897
3641 1441
3642 1512
3643 1552
3644 1656
3645 1673
3646 2307
3647 1418
3648 1939
3649 1120
3650 2008
3651 1617
3652 1220
3653 1326
3654 1437
3655 1418
3656 1978
3657 1535
3658 1496
3659 1599
3660 1607
3661 1734
3662 0863
3663 1365
3664 1035
3665 2019
3666 1172
3667 1262
3668 1169
3669 1229
3670 1283
3671 1328
3672 1283
3673 1337
3674 1447
3675 1543
3676 1551
3677 2172
3678 1774
3679 1824
3680 1882
3681 1945
3682 1541
3683 2126
3684 2196
3685 2729
3686 1302
3687 1852
3688 1337
3689 1488
3690 1270
3691 1405
3692 1471
3693 1481
3694 1560
3695 1619
3696 1679
3697 1161
3698 1629
3699 0992
3700 0882
3701 0895
3702 0975
3703 1004
3704 1147
3705 1232
3706 1340
3707 1376
3708 1312
3709 1955
3710 1481
3711 1562
3712 1495
3713 1188
3714 1625
3715 1725
3716 1800
3717 1896
3718 1494
3719 2094
3720 1221
3721 2111
3722 2098
3723 1747
3724 1313
3725 1371
3726 1402
3727 1474
3728 1533
3729 1548
3730 1665
3731 1788
3732 1827
3733 0973
3734 1122
3735 1134
3736 1168
3737 1222
3738 1700
3739 1242
3740 1275
3741 1369
3742 1420
3743 1431
3744 1560
3745 1664
3746 2246
3747 1311
3748 1808
3749 0955
3750 1064
3751 2473
3752 2137
3753 1234
3754 1330
3755 1669
3756 1467
3757 1547
3758 1613
3759 1645
3760 0850
3761 1008
3762 1020
3763 1050
3764 1098
3765 1211
3766 1251
3767 1370
3768 1622
3769 1268
3770 1336
3771 1395
3772 1425
3773 1513
3774 1609
3775 1062
3776 1746
3777 1844
3778 2273
3779 1988
3780 2558
3781 2142
3782 2170
3783 1284
3784 1902
3785 1498
3786 1551
3787 1625
3788 1706
3789 1279
3790 1810
3791 1957
3792 1116
3793 1597
3794 1242
3795 2492
3796 1332
3797 1429
3798 1524
3799 1627
3800 1605
3801 1728
3802 1962
3803 1871
3804 1951
3805 1568
3806 2102
3807 1184
3808 1248
3809 1782
3810 1360
3811 1415
3812 1497
3813 1553
3814 1628
3815 1720
3816 1777
3817 0942
3818 1005
3819 1052
3820 1136
3821 1267
3822 1291
3823 1269
3824 1397
3825 1440
3826 3472
3827 1550
3828 1632
3829 1740
3830 1811
3831 1035
3832 1965
3833 2564
3834 2146
3835 2165
3836 1243
3837 1336
3838 1472
3839 1577
3840 1607
3841 1752
3842 0843
3843 0937
3844 1125
3845 1089
3846 1207
3847 1259
3848 1227
3849 1343
3850 1419
3851 1462
3852 2029
3853 1654
3854 1747
3855 1700
3856 1763
3857 1833
3858 1912
3859 2470
3860 1993
3861 2101
3862 1249
3863 1315
3864 1402
3865 1477
3866 1537
3867 1663
3868 1665
3869 0840
3870 0863
3871 1379
3872 1035
3873 2063
3874 1175
3875 1381
3876 1350
3877 1389
3878 1411
3879 1536
3880 1574
3881 1650
3882 1714
3883 1773
3884 1393
3885 1950
3886 1099
3887 1584
3888 2173
3889 1228
3890 1381
3891 1446
3892 1476
3893 1543
3894 1686
3895 0833
3896 0882
3897 1013
3898 1052
3899 1148
3900 1223
3901 1300
3902 1260
3903 1856
3904 1465
3905 1899
3906 1758
3907 1659
3908 0854
3909 1843
3910 1870
3911 2001
3912 2053
3913 2044
3914 1984
3915 2044
3916 2108
3917 1242
3918 1225
3919 1883
3920 1426
3921 1437
3922 1484
3923 1574
3924 1613
3925 1646
3926 1812
3927 0892
3928 0966
3929 0971
3930 1058
3931 1508
3932 1166
3933 2172
3934 1292
3935 1289
3936 1373
3937 1370
3938 1939
3939 1571
3940 1630
3941 1727
3942 1752
3943 2334
3944 1925
3945 1959
3946 1985
3947 2029
3948 2167
3949 2108
3950 1733
3951 1260
3952 1319
3953 1336
3954 1784
3955 1490
3956 1528
3957 1596
3958 0875
3959 1234
3960 1774
3961 1800
3962 0916
3963 1037
3964 1454
3965 1070
3966 2031
3967 1193
3968 1288
3969 1311
3970 1247
3971 1270
3972 1350
3973 1080
3974 1590
3975 1622
3976 2155
3977 1303
3978 1753
3979 0898
3980 0970
3981 1913
3982 2493
3983 2005
3984 2569
3985 2098
3986 2148
3987 2720
3988 1823
3989 1434
3990 1473
3991 1490
3992 1551
3993 1560
3994 1564
3995 1631
3996 1692
3997 0865
3998 0994
3999 0945
4000 1443
4001 1083
4002 2032
4003 1165
4004 1353
4005 1276
4006 1309
4007 1309
4008 1367
4009 1578
4010 1486
4011 1570
4012 1569
4013 1662
4014 1778
4015 1801
4016 1833
4017 1948
4018 2017
4019 2605
4020 2180
4021 2191
4022 1328
4023 1287
4024 1396
4025 1486
4026 1512
4027 1736
4028 1655
4029 1735
4030 0833
4031 0941
4032 0991
4033 1078
4034 1152
4035 1236
4036 1250
4037 1194
4038 1262
4039 1281
4040 1300
4041 1394
4042 1990
4043 3475
4044 1537
4045 1677
4046 1721
4047 1310
4048 0934
4049 1021
4050 1082
4051 1609
4052 1196
4053 2704
4054 1246
4055 1312
4056 1375
4057 1383
4058 1455
4059 2009
4060 1580
4061 1623
4062 1628
4063 2253
4064 1360
4065 2432
4066 1510
4067 2006
4068 1318
4069 1281
4070 1280
4071 1384
4072 1405
4073 2121
4074 2202
4075 1234
4076 1310
4077 1470
4078 1454
4079 1571
4080 1657
4081 1699
4082 2218
4083 1309
4084 1839
4085 1239
4086 1159
4087 2026
4088 1583
4089 1303
4090 1249
4091 1232
4092 1277
4093 1341
4094 1360
4095 1967
4096 1466
4097 1549
4098 1596
4099 1630
4100 1735
4101 1766
4102 2389
4103 1982
4104 2010
4105 2102
4106 2077
4107 2107
4108 1222
4109 1236
4110 1386
4111 1425
4112 1107
4113 1624
4114 1614
4115 1664
4116 1162
4117 0861
4118 1008
4119 1445
4120 1121
4121 2030
4122 1201
4123 1329
4124 1277
4125 1303
4126 1340
4127 1351
4128 1480
4129 2025
4130 1609
4131 1679
4132 2243
4133 1811
4134 1899
4135 1936
4136 1519
4137 2111
4138 1290
4139 1508
4140 1368
4141 1335
4142 0954
4143 1911
4144 1077
4145 1250
4146 1285
4147 1646
4148 1693
4149 1691
4150 1219
4151 1107
4152 0970
4153 0946
4154 1070
4155 1136
4156 1213
4157 1419
4158 1298
4159 1796
4160 1356
4161 1570
4162 1497
4163 2357
4164 1634
4165 2203
4166 1736
4167 1799
4168 1853
4169 1906
4170 1525
4171 2139
4172 1286
4173 1228
4174 1316
4175 1357
4176 1478
4177 1585
4178 1571
4179 1612
4180 1716
4181 1737
4182 1726
4183 0871
4184 0990
4185 1025
4186 1112
4187 1175
4188 1225
4189 1764
4190 1327
4191 1342
4192 1414
4193 1448
4194 1499
4195 1580
4196 1594
4197 2204
4198 1686
4199 1323
4200 2194
4201 1958
4202 1971
4203 1591
4204 2093
4205 2731
4206 1611
4207 1443
4208 1550
4209 1592
4210 2100
4211 1677
4212 1750
4213 0962
4214 0944
4215 1002
4216 1486
4217 1159
4218 2041
4219 1247
4220 1363
4221 1879
4222 1387
4223 1406
4224 1946
4225 1505
4226 1567
4227 1647
4228 1710
4229 1744
4230 1829
4231 1865
4232 1465
4233 1976
4234 1572
4235 2077
4236 1288
4237 1243
4238 1845
4239 1441
4240 1460
4241 1613
4242 1634
4243 1708
4244 2250
4245 1048
4246 1827
4247 0987
4248 1158
4249 1546
4250 1213
4251 2158
4252 1269
4253 1736
4254 1267
4255 1670
4256 1261
4257 1369
4258 4368
4259 2432
4260 2018
4261 1674
4262 1678
4263 1780
4264 0876
4265 1428
4266 1191
4267 2017
4268 1182
4269 1373
4270 1268
4271 1295
4272 1430
4273 1469
4274 1537
4275 2121
4276 1248
4277 1829
4278 1009
4279 2449
4280 1521
4281 2034
4282 1445
4283 1263
4284 1239
4285 1289
4286 1350
4287 1888
4288 1564
4289 1523
4290 0930
4291 1671
4292 1664
4293 0855
4294 1629
4295 1014
4296 1963
4297 1093
4298 1249
4299 1194
4300 1275
4301 1243
4302 1316
4303 1333
4304 1891
4305 1516
4306 2022
4307 1622
4308 1707
4309 1782
4310 1366
4311 1889
4312 1048
4313 1124
4314 1622
4315 2170
4316 1225
4317 1294
4318 1358
4319 1443
4320 1505
4321 1544
4322 1622
4323 1674
4324 1745
4325 0917
4326 0966
4327 1052
4328 1061
4329 1115
4330 1217
4331 1216
4332 1242
4333 1326
4334 1361
4335 1471
4336 1591
4337 1675
4338 0839
4339 2335
4340 1923
4341 1971
4342 1987
4343 2082
4344 2150
4345 1243
4346 1322
4347 1435
4348 1464
4349 1619
4350 1252
4351 1760
4352 0878
4353 1041
4354 1030
4355 1528
4356 1165
4357 2094
4358 1534
4359 1281
4360 1265
4361 1277
4362 1386
4363 1448
4364 1566
4365 2132
4366 1737
4367 1706
4368 1766
4369 2006
4370 1893
4371 2499
4372 2071
4373 2124
4374 2854
4375 1303
4376 1344
4377 1398
4378 1529
4379 1554
4380 1673
4381 1679
4382 0854
4383 0952
4384 1843
4385 0821
4386 1034
4387 1429
4388 1123
4389 1136
4390 1675
4391 1175
4392 1364
4393 1338
4394 1728
4395 1326
4396 1417
4397 1425
4398 1502
4399 2124
4400 1677
4401 1717
4402 1808
4403 1467
4404 1999
4405 1129
4406 2085
4407 2115
4408 1720
4409 1290
4410 1396
4411 1408
4412 1486
4413 1575
4414 1653
4415 2213
4416 0877
4417 1899
4418 1008
4419 1363
4420 1190
4421 1838
4422 1259
4423 1348
4424 1417
4425 1448
4426 1567
4427 1602
4428 1766
4429 1795
4430 1428
4431 2068
4432 1169
4433 2127
4434 1808
4435 1327
4436 1368
4437 1493
4438 1517
4439 1638
4440 1669
4441 0825
4442 0931
4443 1944
4444 1115
4445 1227
4446 1178
4447 1268
4448 1284
4449 1275
4450 1419
4451 1462
4452 1490
4453 1554
4454 2107
4455 1733
4456 1794
4457 1859
4458 1917
4459 1548
4460 2089
4461 1236
4462 2731
4463 1309
4464 1356
4465 1439
4466 0937
4467 1527
4468 1570
4469 1663
4470 1752
4471 0867
4472 0913
4473 1910
4474 1491
4475 1240
4476 3020
4477 1591
4478 1738
4479 1377
4480 1354
4481 1436
4482 1516
4483 1565
4484 1681
4485 1691
4486 0853
4487 1774
4488 1862
4489 1044
4490 1190
4491 1132
4492 1227
4493 1309
4494 1250
4495 1293
4496 1357
4497 1571
4498 1504
4499 1518
4500 1696
4501 1698
4502 1732
4503 1762
4504 1950
4505 1953
4506 2011
4507 2090
4508 2169
4509 1285
4510 1292
4511 1400
4512 1519
4513 1593
4514 1604
4515 2247
4516 0882
4517 2363
4518 1105
4519 1047
4520 1130
4521 1197
4522 1735
4523 1352
4524 1352
4525 1406
4526 1770
4527 1582
4528 1694
4529 1776
4530 1852
4531 2237
4532 0927
4533 1772
4534 1783
4535 1415
4536 1927
4537 1553
4538 1272
4539 1234
4540 2145
4541 1218
4542 1529
4543 1445
4544 1723
4545 1701
4546 1773
4547 1855
4548 1900
4549 1985
4550 2046
4551 1430
4552 2199
4553 1264
4554 1472
4555 1354
4556 1473
4557 1580
4558 1660
4559 1741
4560 1808
4561 0904
4562 0992
4563 1044
4564 1118
4565 1154
4566 1388
4567 1241
4568 1283
4569 1366
4570 1399
4571 1477
4572 1553
4573 1617
4574 2295
4575 1401
4576 1482
4577 1584
4578 1603
4579 1687
4580 1723
4581 1828
4582 1846
4583 1932
4584 2523
4585 1621
4586 2083
4587 1720
4588 1254
4589 1356
4590 1394
4591 1461
4592 1533
4593 1564
4594 1666
4595 1721
4596 1752
4597 0846
4598 0900
4599 1029
4600 1503
4601 1386
4602 2101
4603 2669
4604 1240
4605 1784
4606 1384
4607 1417
4608 1472
4609 1562
4610 1563
4611 1678
4612 1696
4613 1287
4614 1246
4615 0981
4616 2481
4617 2057
4618 2059
4619 2196
4620 1284
4621 1883
4622 1482
4623 1573
4624 1600
4625 1267
4626 1747
4627 1322
4628 1009
4629 1968
4630 1475
4631 1214
4632 2093
4633 1141
4634 1242
4635 1235
4636 1271
4637 1292
4638 1366
4639 1417
4640 1551
4641 2002
4642 2583
4643 1664
4644 1324
4645 1285
4646 1332
4647 1873
4648 1488
4649 1534
4650 1584
4651 1638
4652 1726
4653 1379
4654 1855
4655 1038
4656 2075
4657 2101
4658 1716
4659 1285
4660 1308
4661 1362
4662 1500
4663 1504
4664 1589
4665 1571
4666 1728
4667 0830
4668 0892
4669 1350
4670 1050
4671 1466
4672 1191
4673 2121
4674 1249
4675 1273
4676 1354
4677 1418
4678 1509
4679 0852
4680 1673
4681 1700
4682 1815
4683 1802
4684 2372
4685 1950
4686 2013
4687 2094
4688 2642
4689 1736
4690 1318
4691 1392
4692 3372
4693 1444
4694 1566
4695 1643
4696 1732
4697 1744
4698 1863
4699 2453
4700 1551
4701 2578
4702 2115
4703 1242
4704 1227
4705 1271
4706 1341
4707 1383
4708 1434
4709 0969
4710 1607
4711 1629
4712 1215
4713 0897
4714 1871
4715 1003
4716 1117
4717 1092
4718 1556
4719 1212
4720 2222
4721 1250
4722 1357
4723 1405
4724 1473
4725 1531
4726 1687
4727 1693
4728 1710
4729 1740
4730 1347
4731 1853
4732 1512
4733 2010
4734 1749
4735 1254
4736 1284
4737 1361
4738 1467
4739 1463
4740 1533
4741 1633
4742 1709
4743 0880
4744 1314
4745 1027
4746 1964
4747 1101
4748 1282
4749 1218
4750 1339
4751 1301
4752 1377
4753 1418
4754 1981
4755 1562
4756 1673
4757 1741
4758 1791
4759 1835
4760 2412
4761 1936
4762 2595
4763 1649
4764 2205
4765 1363
4766 1318
4767 1377
4768 1468
4769 1557
4770 1648
4771 1666
4772 1750
4773 0919
4774 1254
4775 1296
4776 2037
4777 1164
4778 1341
4779 1264
4780 1293
4781 1334
4782 2028
4783 1471
4784 1483
4785 1605
4786 1696
4787 1242
4788 1803
4789 1020
4790 1916
4791 1508
4792 2033
4793 1151
4794 2081
4795 2692
4796 1320
4797 1385
4798 1460
4799 1474
4800 1591
4801 1933
4802 1697
4803 1724
4804 0866
4805 0983
4806 1038
4807 1086
4808 1093
4809 1154
4810 1294
4811 1297
4812 1352
4813 1349
4814 1449
4815 2004
4816 1604
4817 1653
4818 1717
4819 1788
4820 0950
4821 1900
4822 1544
4823 2073
4824 1231
4825 1306
4826 1350
4827 1421
4828 1463
4829 1536
4830 1604
4831 1666
4832 1719
4833 1304
4834 1973
4835 1944
4836 1098
4837 1306
4838 1262
4839 1260
4840 1809
4841 1424
4842 1513
4843 1578
4844 1624
4845 1230
4846 2279
4847 1013
4848 1893
4849 2033
4850 2064
4851 1165
4852 2179
4853 1235
4854 1380
4855 1449
4856 1521
4857 1610
4858 1623
4859 1619
4860 1262
4861 0865
4862 1984
4863 1087
4864 1187
4865 1187
4866 1276
4867 1634
4868 1314
4869 1410
4870 1476
4871 1577
4872 1633
4873 1659
4874 1792
4875 2310
4876 1808
4877 1413
4878 1962
4879 1156
4880 2190
4881 1232
4882 1293
4883 1284
4884 1409
4885 1492
4886 1637
4887 1639
4888 1746
4889 0863
4890 0899
4891 1009
4892 1148
4893 1522
4894 1192
4895 2289
4896 1385
4897 1389
4898 1400
4899 1436
4900 2040
4901 1573
4902 1671
4903 1831
4904 1831
4905 1931
4906 2505
4907 2088
4908 2125
4909 4158
4910 2230
4911 1808
4912 1442
4913 1523
4914 1567
4915 1654
4916 1262
4917 1812
4918 1024
4919 2432
4920 2006
4921 2065
4922 2132
4923 1785
4924 1394
4925 1449
4926 1527
4927 1620
4928 1608
4929 1677
4930 0854
4931 0899
4932 0982
4933 1034
4934 1171
4935 1209
4936 1320
4937 1273
4938 1349
4939 1432
4940 1482
4941 1592
4942 1602
4943 1686
4944 1747
4945 1396
4946 1945
4947 2028
4948 2037
4949 1499
4950 2014
4951 1173
4952 2102
4953 2139
4954 1254
4955 1314
4956 1357
4957 1504
4958 1581
4959 1655
4960 1739
4961 0855
4962 0906
4963 1927
4964 1095
4965 1417
4966 1253
4967 1304
4968 1286
4969 1339
4970 1402
4971 1475
4972 1503
4973 1564
4974 1665
4975 1692
4976 1732
4977 1785
4978 2363
4979 1461
4980 2501
4981 1600
4982 1548
4983 1261
4984 1304
4985 1329
4986 1426
4987 1484
4988 1514
4989 1716
4990 1609
4991 1696
4992 1681
4993 1649
4994 0823
4995 0914
4996 1960
4997 1029
4998 1163
4999 1177
5000 1617
Average  1554
Min  0805
Max  4784
END