1 5711
2 8045
3 7211
4 6382
5 5556
6 4735
7 6906
8 6134
9 5309
10 4489
11 7430
12 6578
13 5677
14 7957
15 7048
16 6139
17 5225
18 4318
19 7178
20 6268
21 5371
22 7625
23 6754
24 5861
25 4948
26 7105
27 6197
28 5292
29 4381
30 7348
31 6482
32 5625
33 8923
34 8005
35 7095
36 6169
37 5272
38 7281
39 6421
40 5519
41 4682
42 6777
43 5881
44 4973
45 7087
46 6182
47 5304
48 4457
49 7561
50 6730
51 5897
52 8172
53 7279
54 6375
55 5491
56 4576
57 7436
58 6534
59 5683
60 7994
61 7097
62 6192
63 5291
64 4384
65 6368
66 5469
67 4615
68 7533
69 6633
70 5731
71 8074
72 7169
73 6264
74 5366
75 4468
76 6408
77 5510
78 4613
79 6673
80 5776
81 4887
82 8054
83 7153
84 6238
85 5342
86 7444
87 6541
88 5663
89 4760
90 7707
91 6805
92 5906
93 8203
94 7288
95 6384
96 5482
97 4578
98 6495
99 5595
100 4692
101 6729
102 5810
103 4933
104 8041
105 7135
106 6231
107 5338
108 7510
109 6609
110 5708
111 4836
112 6875
113 5977
114 5063
115 4191
116 7203
117 6299
118 5389
119 7624
120 6754
121 5852
122 4952
123 7039
124 6130
125 5217
126 4320
127 7255
128 6357
129 5451
130 7748
131 6832
132 5928
133 5027
134 7087
135 6186
136 5288
137 4386
138 6390
139 5485
140 4586
141 6732
142 5832
143 4967
144 4141
145 6260
146 5401
147 4542
148 6747
149 5912
150 5053
151 4192
152 6219
153 5357
154 4497
155 7558
156 6657
157 5751
158 8025
159 7158
160 6239
161 5336
162 4470
163 6460
164 5625
165 4740
166 6955
167 6051
168 5142
169 4236
170 7250
171 6352
172 5502
173 8050
174 7215
175 6384
176 5556
177 4672
178 7403
179 6553
180 5649
181 11447
182 10551
183 9642
184 8742
185 7846
186 10499
187 9601
188 8752
189 7867
190 6968
191 6062
192 5165
193 7052
194 6153
195 5256
196 4358
197 6340
198 5432
199 4532
200 6602
201 5745
202 4845
203 7133
204 6238
205 5338
206 4441
207 6524
208 5624
209 4707
210 7915
211 7073
212 6175
213 5275
214 7317
215 6420
216 5523
217 4619
218 7571
219 6681
220 5783
221 8043
222 7145
223 6245
224 5344
225 4473
226 6480
227 5618
228 4742
229 7978
230 7098
231 6199
232 5303
233 7330
234 6485
235 5653
236 4770
237 6899
238 6002
239 5093
240 4194
241 7194
242 6299
243 5402
244 7609
245 6705
246 5809
247 4912
248 8006
249 7094
250 6196
251 5299
252 7346
253 6454
254 5553
255 4656
256 6681
257 5833
258 4931
259 7134
260 6226
261 5323
262 4426
263 7449
264 6553
265 5651
266 7918
267 7021
268 6125
269 5250
270 4352
271 6259
272 5354
273 4433
274 6648
275 5765
276 4862
277 8061
278 7214
279 6378
280 5525
281 7692
282 6849
283 5972
284 5107
285 4212
286 6185
287 5333
288 4490
289 7654
290 6792
291 5891
292 9171
293 8283
294 7392
295 6496
296 5597
297 7568
298 6701
299 5802
300 4905
301 7045
302 6148
303 5252
304 4351
305 7332
306 6437
307 5538
308 7756
309 6859
310 6007
311 5118
312 4221
313 6213
314 5318
315 4419
316 6502
317 5600
318 4729
319 8545
320 7648
321 6749
322 5852
323 8469
324 7575
325 6677
326 5777
327 4877
328 7837
329 6940
330 6041
331 5142
332 7255
333 6359
334 5460
335 4558
336 7578
337 6664
338 5806
339 9040
340 8137
341 7280
342 6380
343 5482
344 7496
345 6582
346 5682
347 4760
348 6909
349 6012
350 5143
351 4265
352 6229
353 5327
354 4430
355 6529
356 5630
357 4733
358 7932
359 7093
360 6262
361 5428
362 7630
363 6774
364 5876
365 4982
366 7047
367 6154
368 5246
369 4347
370 6338
371 5452
372 4559
373 6814
374 5944
375 5071
376 4218
377 6252
378 5419
379 4589
380 6807
381 5979
382 5142
383 4260
384 6355
385 5489
386 4622
387 7794
388 6960
389 6079
390 5224
391 7385
392 6542
393 5693
394 4845
395 6975
396 6146
397 5319
398 4490
399 6558
400 5676
401 4780
402 6924
403 5810
404 4710
405 7574
406 6646
407 5670
408 7833
409 6804
410 5879
411 5053
412 4228
413 7224
414 6378
415 5554
416 7888
417 7072
418 6257
419 5443
420 4638
421 7731
422 6925
423 6110
424 5296
425 7557
426 6743
427 5930
428 5112
429 4296
430 7299
431 6484
432 5662
433 7955
434 7142
435 6329
436 5515
437 4702
438 6923
439 6108
440 5300
441 4485
442 7542
443 6665
444 5762
445 8063
446 7169
447 6286
448 5388
449 4491
450 6398
451 5504
452 4605
453 7734
454 6835
455 5936
456 5085
457 7777
458 6881
459 5985
460 5088
461 7579
462 6684
463 5775
464 4877
465 8035
466 7138
467 6242
468 5346
469 7441
470 6543
471 5641
472 4743
473 7804
474 6906
475 6007
476 5105
477 7285
478 6388
479 5489
480 4589
481 7546
482 6646
483 5750
484 7953
485 7050
486 6142
487 5239
488 4341
489 7366
490 6461
491 5563
492 7669
493 6776
494 5882
495 5035
496 6920
497 6029
498 5117
499 4221
500 6256
501 5360
502 4466
503 6578
504 5681
505 4765
506 6944
507 6050
508 5154
509 4260
510 6351
511 5456
512 4561
513 7641
514 6754
515 5860
516 9035
517 8139
518 7245
519 6343
520 5447
521 8443
522 7550
523 6654
524 5758
525 8027
526 7132
527 6233
528 5336
529 4439
530 7317
531 6401
532 5510
533 7783
534 6886
535 5983
536 5082
537 4181
538 6132
539 5239
540 4327
541 7417
542 6521
543 5621
544 8860
545 7965
546 7068
547 6174
548 5308
549 7352
550 6454
551 5583
552 4714
553 7830
554 6927
555 6029
556 5132
557 7253
558 6355
559 5456
560 4555
561 7498
562 6595
563 5692
564 8001
565 7103
566 6207
567 5307
568 4409
569 6376
570 5477
571 4580
572 7573
573 6659
574 5758
575 7966
576 7065
577 6167
578 5269
579 4370
580 7303
581 6406
582 5509
583 7717
584 6804
585 5905
586 5004
587 7070
588 6179
589 5281
590 4382
591 7398
592 6499
593 5601
594 7918
595 7020
596 6121
597 5157
598 4258
599 6126
600 5226
601 4328
602 6422
603 5528
604 4631
605 6849
606 5952
607 5036
608 4138
609 6213
610 5302
611 4404
612 6438
613 5541
614 4641
615 6723
616 5785
617 4887
618 8072
619 7178
620 6284
621 5381
622 7514
623 6659
624 5762
625 4872
626 6954
627 6059
628 5111
629 4211
630 7165
631 6269
632 5393
633 7634
634 6733
635 5834
636 4936
637 7985
638 7087
639 6184
640 5285
641 7378
642 6481
643 5592
644 4711
645 6810
646 5962
647 5054
648 4154
649 6190
650 5293
651 4395
652 6428
653 5527
654 4629
655 6870
656 5972
657 5074
658 4176
659 6165
660 5270
661 4374
662 6489
663 5583
664 4683
665 6908
666 6035
667 5137
668 4241
669 6282
670 5383
671 4477
672 7519
673 6618
674 5749
675 8987
676 8093
677 7196
678 6298
679 5423
680 7420
681 6522
682 5625
683 4730
684 6721
685 5813
686 4906
687 7031
688 6137
689 5239
690 4342
691 6393
692 5495
693 4599
694 7771
695 6874
696 5976
697 5078
698 7223
699 6328
700 5432
701 4561
702 7560
703 6662
704 5740
705 8952
706 8057
707 7158
708 6259
709 5360
710 7394
711 6496
712 5596
713 4700
714 6698
715 5802
716 4905
717 8046
718 7152
719 6246
720 5347
721 10082
722 9185
723 8291
724 7383
725 10074
726 9179
727 8279
728 7384
729 6484
730 5617
731 8511
732 7620
733 6714
734 5872
735 8142
736 7307
737 6477
738 5599
739 4704
740 6571
741 5700
742 4823
743 6991
744 6093
745 5194
746 4297
747 6343
748 5442
749 4543
750 7602
751 6701
752 5800
753 9032
754 8135
755 7235
756 6347
757 5463
758 7519
759 6683
760 5802
761 4908
762 7042
763 6148
764 5251
765 4351
766 6387
767 5486
768 4588
769 7638
770 6743
771 5845
772 8167
773 7271
774 6369
775 5458
776 4561
777 6521
778 5619
779 4724
780 6767
781 5868
782 4964
783 4063
784 6106
785 5203
786 4305
787 6335
788 5435
789 4540
790 6720
791 5825
792 4929
793 7112
794 6202
795 5305
796 4356
797 6371
798 5504
799 4603
800 7763
801 6861
802 5962
803 5067
804 7254
805 6356
806 5459
807 4559
808 6529
809 5637
810 4737
811 6873
812 5971
813 5072
814 4177
815 6256
816 5358
817 4462
818 7536
819 6622
820 5723
821 8003
822 7106
823 6203
824 5304
825 4405
826 7344
827 6448
828 5555
829 8644
830 7745
831 6845
832 5972
833 9125
834 8228
835 7328
836 6432
837 5534
838 7562
839 6662
840 5745
841 4847
842 6970
843 6054
844 5156
845 4262
846 7476
847 6575
848 5679
849 8752
850 7852
851 6949
852 5951
853 5071
854 7107
855 6202
856 5302
857 4406
858 7359
859 6463
860 5562
861 7870
862 6973
863 6070
864 5163
865 4269
866 7166
867 6269
868 5372
869 7615
870 6746
871 5843
872 4945
873 7025
874 6119
875 5220
876 4320
877 6311
878 5413
879 4513
880 7615
881 6718
882 5821
883 8118
884 7215
885 6317
886 5423
887 4523
888 7383
889 6485
890 5579
891 7889
892 6961
893 6065
894 5167
895 4264
896 7164
897 6264
898 5365
899 7599
900 6702
901 5811
902 4912
903 7977
904 7079
905 6142
906 5245
907 7313
908 6393
909 5524
910 4625
911 6710
912 5810
913 4909
914 7100
915 6203
916 5303
917 4405
918 6441
919 5539
920 4681
921 7849
922 6952
923 6053
924 5146
925 8262
926 7366
927 6468
928 5572
929 7682
930 6783
931 5877
932 4979
933 7122
934 6212
935 5313
936 4418
937 7390
938 6499
939 5601
940 7875
941 6968
942 6071
943 5196
944 4261
945 6199
946 5349
947 4451
948 7487
949 6616
950 5753
951 8074
952 7202
953 6358
954 5409
955 4576
956 6665
957 5849
958 5029
959 4204
960 7247
961 6401
962 5548
963 8798
964 7931
965 7078
966 6223
967 5368
968 7396
969 6545
970 5649
971 4492
972 6603
973 5752
974 4891
975 7137
976 6284
977 5427
978 4573
979 7729
980 6855
981 6003
982 5163
983 7312
984 6355
985 5490
986 4605
987 6879
988 6032
989 5194
990 4357
991 7275
992 6427
993 5580
994 7883
995 7052
996 6218
997 5375
998 4541
999 6480
1000 5620
1001 4783
1002 7023
1003 6174
1004 5318
1005 4479
1006 6683
1007 5841
1008 5008
1009 4171
1010 6217
1011 5366
1012 4470
1013 6747
1014 5907
1015 5073
1016 4189
1017 7147
1018 6252
1019 5355
1020 7511
1021 6611
1022 5733
1023 4819
1024 7024
1025 6189
1026 5307
1027 4411
1028 6449
1029 5553
1030 4657
1031 7799
1032 6899
1033 5998
1034 5100
1035 7184
1036 6334
1037 5449
1038 4534
1039 6574
1040 5671
1041 4766
1042 7910
1043 7052
1044 6219
1045 5387
1046 7620
1047 6785
1048 5955
1049 5129
1050 4246
1051 6202
1052 5308
1053 4409
1054 7491
1055 6581
1056 5670
1057 7977
1058 7065
1059 6166
1060 5269
1061 4346
1062 7229
1063 6330
1064 5460
1065 7752
1066 6847
1067 6012
1068 5181
1069 4350
1070 6380
1071 5548
1072 4691
1073 7049
1074 6212
1075 5382
1076 4553
1077 7506
1078 6544
1079 5683
1080 8925
1081 8071
1082 7218
1083 6376
1084 5527
1085 7679
1086 6853
1087 6017
1088 5179
1089 4346
1090 6380
1091 5548
1092 4699
1093 7861
1094 7014
1095 6161
1096 5320
1097 7493
1098 6636
1099 5781
1100 4919
1101 7082
1102 6228
1103 5374
1104 4541
1105 6659
1106 5807
1107 4951
1108 4105
1109 6215
1110 5382
1111 4547
1112 7783
1113 6951
1114 6116
1115 5282
1116 7429
1117 6585
1118 5733
1119 4887
1120 7148
1121 6317
1122 5486
1123 4653
1124 7738
1125 6907
1126 6072
1127 5236
1128 7360
1129 6511
1130 5661
1131 4821
1132 6953
1133 6113
1134 5278
1135 4442
1136 7466
1137 6632
1138 5783
1139 8089
1140 7256
1141 6422
1142 5572
1143 4732
1144 6932
1145 6100
1146 5268
1147 4436
1148 7449
1149 6609
1150 5772
1151 8081
1152 7241
1153 6409
1154 5552
1155 4711
1156 7749
1157 6917
1158 6085
1159 5247
1160 7372
1161 6522
1162 5682
1163 4881
1164 7971
1165 7129
1166 6279
1167 5435
1168 7688
1169 6857
1170 6022
1171 5189
1172 4357
1173 6408
1174 5576
1175 4738
1176 7030
1177 6174
1178 5325
1179 4485
1180 7529
1181 6696
1182 5864
1183 8222
1184 7389
1185 6547
1186 5694
1187 4850
1188 7801
1189 6933
1190 6083
1191 5228
1192 7373
1193 6539
1194 5682
1195 4874
1196 7049
1197 6221
1198 5385
1199 4531
1200 10253
1201 9388
1202 8527
1203 7680
1204 10439
1205 9602
1206 8763
1207 7921
1208 7083
1209 6245
1210 5406
1211 7384
1212 6536
1213 5654
1214 4797
1215 4655
1216 5981
1217 5128
1218 4264
1219 4221
1220 6387
1221 5543
1222 5521
1223 6839
1224 5986
1225 5205
1226 4374
1227 4277
1228 5480
1229 4642
1230 4885
1231 4052
1232 5176
1233 4273
1234 5244
1235 6387
1236 5488
1237 4739
1238 4785
1239 3882
1240 4983
1241 4088
1242 3191
1243 4103
1244 4263
1245 3372
1246 4526
1247 3681
1248 3701
1249 5041
1250 4213
1251 3384
1252 3369
1253 5558
1254 4662
1255 4617
1256 5987
1257 5076
1258 4208
1259 3309
1260 3172
1261 5295
1262 4440
1263 4583
1264 5979
1265 5099
1266 4243
1267 3346
1268 3119
1269 5329
1270 4437
1271 3669
1272 5772
1273 4863
1274 3963
1275 3955
1276 5153
1277 4254
1278 3356
1279 3292
1280 4536
1281 3637
1282 3706
1283 6378
1284 5482
1285 4587
1286 4069
1287 5309
1288 4412
1289 3517
1290 3432
1291 4583
1292 3684
1293 3689
1294 5921
1295 5044
1296 4148
1297 4085
1298 6291
1299 5395
1300 4487
1301 3665
1302 5724
1303 4823
1304 3979
1305 3944
1306 5295
1307 4472
1308 3502
1309 3678
1310 4705
1311 3859
1312 4960
1313 4067
1314 5183
1315 4289
1316 4519
1317 3669
1318 4864
1319 4027
1320 3197
1321 4156
1322 4430
1323 3600
1324 5844
1325 5010
1326 4129
1327 4044
1328 5320
1329 4447
1330 3589
1331 3537
1332 5661
1333 4758
1334 4824
1335 6123
1336 5250
1337 4353
1338 3538
1339 3353
1340 7086
1341 6217
1342 5346
1343 8027
1344 7135
1345 6240
1346 5370
1347 4474
1348 3566
1349 5412
1350 4515
1351 3614
1352 3611
1353 4729
1354 3832
1355 3974
1356 3069
1357 4180
1358 3282
1359 3258
1360 5402
1361 4530
1362 4590
1363 5888
1364 5013
1365 4059
1366 3188
1367 3037
1368 4289
1369 3392
1370 3413
1371 5557
1372 4654
1373 4623
1374 6012
1375 5103
1376 4206
1377 3347
1378 3179
1379 4341
1380 3447
1381 4507
1382 4688
1383 3834
1384 5120
1385 4221
1386 3305
1387 3186
1388 5359
1389 4463
1390 4504
1391 5712
1392 4841
1393 3951
1394 4016
1395 3116
1396 4234
1397 3315
1398 3325
1399 5466
1400 4577
1401 3746
1402 5995
1403 5121
1404 4208
1405 3297
1406 5202
1407 4304
1408 6508
1409 5611
1410 4712
1411 6877
1412 5980
1413 5062
1414 4171
1415 6113
1416 4748
1417 7256
1418 6418
1419 5572
1420 4733
1421 7606
1422 6696
1423 5826
1424 5005
1425 7208
1426 6368
1427 5517
1428 4662
1429 7781
1430 6939
1431 6098
1432 5259
1433 7346
1434 6510
1435 5671
1436 4870
1437 7005
1438 6164
1439 5312
1440 4457
1441 7665
1442 6828
1443 5989
1444 5151
1445 7281
1446 6440
1447 5595
1448 4756
1449 7943
1450 7074
1451 6227
1452 5387
1453 7591
1454 6753
1455 5917
1456 5078
1457 4239
1458 6224
1459 5387
1460 4553
1461 7735
1462 6895
1463 6056
1464 5217
1465 7403
1466 6562
1467 5724
1468 4908
1469 7009
1470 6167
1471 5314
1472 4511
1473 6529
1474 5665
1475 4819
1476 7097
1477 6261
1478 5419
1479 4579
1480 7686
1481 6848
1482 6005
1483 5151
1484 7325
1485 6483
1486 5641
1487 4802
1488 7952
1489 7111
1490 6272
1491 5421
1492 8627
1493 7792
1494 6910
1495 6056
1496 5202
1497 7247
1498 6410
1499 5571
1500 4732
1501 6871
1502 6029
1503 5184
1504 4345
1505 6478
1506 5618
1507 4778
1508 7029
1509 6192
1510 5357
1511 4518
1512 6667
1513 5830
1514 4993
1515 4172
1516 7213
1517 6378
1518 5501
1519 7826
1520 6989
1521 6150
1522 5312
1523 4475
1524 6529
1525 5691
1526 4850
1527 6957
1528 6121
1529 5217
1530 4334
1531 6426
1532 5520
1533 4624
1534 6733
1535 5836
1536 4939
1537 8051
1538 7182
1539 6289
1540 5391
1541 7654
1542 6777
1543 5927
1544 5092
1545 4260
1546 7857
1547 7035
1548 6206
1549 8957
1550 8058
1551 7160
1552 6245
1553 5348
1554 8331
1555 7436
1556 6533
1557 5637
1558 7795
1559 6922
1560 6023
1561 5124
1562 4224
1563 6157
1564 5258
1565 4348
1566 7438
1567 6565
1568 5659
1569 7949
1570 7051
1571 6146
1572 5248
1573 4398
1574 7327
1575 6404
1576 5507
1577 7700
1578 6791
1579 5914
1580 5007
1581 6961
1582 6037
1583 5168
1584 4269
1585 6338
1586 5416
1587 4532
1588 6704
1589 5871
1590 5038
1591 4208
1592 6369
1593 5540
1594 4710
1595 7727
1596 6826
1597 5738
1598 8002
1599 7146
1600 6301
1601 5461
1602 4623
1603 6696
1604 5859
1605 5021
1606 4188
1607 6328
1608 5493
1609 4656
1610 7832
1611 6994
1612 6156
1613 5353
1614 7565
1615 6730
1616 5890
1617 5093
1618 4255
1619 7237
1620 6400
1621 5565
1622 7885
1623 7052
1624 6218
1625 5384
1626 4546
1627 6594
1628 5762
1629 4922
1630 4087
1631 6192
1632 5360
1633 4518
1634 7643
1635 6793
1636 5946
1637 5155
1638 7324
1639 6468
1640 5627
1641 4778
1642 6896
1643 6050
1644 5208
1645 4319
1646 6236
1647 5371
1648 4522
1649 6836
1650 5954
1651 5058
1652 4160
1653 6163
1654 5265
1655 4365
1656 6567
1657 5718
1658 4892
1659 7985
1660 7106
1661 6255
1662 5419
1663 7671
1664 6794
1665 5894
1666 4996
1667 8021
1668 7126
1669 6230
1670 5331
1671 7423
1672 6527
1673 5631
1674 4738
1675 6818
1676 5926
1677 5027
1678 4122
1679 6175
1680 5280
1681 4381
1682 9159
1683 8304
1684 7471
1685 10270
1686 9388
1687 8513
1688 7679
1689 6796
1690 5896
1691 5002
1692 7874
1693 6964
1694 6055
1695 5161
1696 7215
1697 6357
1698 5509
1699 4706
1700 6798
1701 5898
1702 4986
1703 4115
1704 6287
1705 5457
1706 4581
1707 6689
1708 5817
1709 4919
1710 8081
1711 7184
1712 6319
1713 5495
1714 8648
1715 7796
1716 6945
1717 6111
1718 5277
1719 7325
1720 6481
1721 5588
1722 4695
1723 6843
1724 5993
1725 5095
1726 4194
1727 7194
1728 6294
1729 5398
1730 7569
1731 6673
1732 5779
1733 4878
1734 7031
1735 6133
1736 5255
1737 4349
1738 6362
1739 5468
1740 4568
1741 7607
1742 6709
1743 5800
1744 8088
1745 7191
1746 6282
1747 5387
1748 4488
1749 6383
1750 5487
1751 4591
1752 6649
1753 5754
1754 4901
1755 7096
1756 6200
1757 5301
1758 4397
1759 7409
1760 6514
1761 5621
1762 8068
1763 7171
1764 6293
1765 5375
1766 4472
1767 7207
1768 6303
1769 5409
1770 7566
1771 6668
1772 5768
1773 4868
1774 6957
1775 6081
1776 5237
1777 4421
1778 6547
1779 5656
1780 4761
1781 7950
1782 7053
1783 6155
1784 5261
1785 7337
1786 6441
1787 5550
1788 4648
1789 6688
1790 5788
1791 4872
1792 7080
1793 6179
1794 5284
1795 4379
1796 6372
1797 5478
1798 4576
1799 6614
1800 5743
1801 4887
1802 7091
1803 6191
1804 5333
1805 4502
1806 7642
1807 6808
1808 5970
1809 5138
1810 7286
1811 6453
1812 5619
1813 4779
1814 6955
1815 6126
1816 5291
1817 4458
1818 7592
1819 6757
1820 5922
1821 5092
1822 7280
1823 6448
1824 5620
1825 4790
1826 6968
1827 6132
1828 5299
1829 4463
1830 6627
1831 5792
1832 4958
1833 4128
1834 7207
1835 6376
1836 5543
1837 7925
1838 7084
1839 6249
1840 5416
1841 4585
1842 7619
1843 6780
1844 5946
1845 5116
1846 7245
1847 6412
1848 5579
1849 4750
1850 7868
1851 7037
1852 6201
1853 5368
1854 7706
1855 6872
1856 6039
1857 5210
1858 4381
1859 6376
1860 5545
1861 4719
1862 7883
1863 7056
1864 6175
1865 5270
1866 7392
1867 6538
1868 5700
1869 4862
1870 8015
1871 7184
1872 6351
1873 5503
1874 7727
1875 6891
1876 6058
1877 5230
1878 4386
1879 6421
1880 5581
1881 4739
1882 7943
1883 7111
1884 6274
1885 5438
1886 7688
1887 6843
1888 6011
1889 5182
1890 4299
1891 7854
1892 7018
1893 6184
1894 9005
1895 8166
1896 7329
1897 6495
1898 5669
1899 4838
1900 6830
1901 5997
1902 5157
1903 4326
1904 7402
1905 6568
1906 5734
1907 8187
1908 7361
1909 6526
1910 5689
1911 4858
1912 7876
1913 7045
1914 6212
1915 5383
1916 7594
1917 6760
1918 5923
1919 5094
1920 4265
1921 6277
1922 5435
1923 4599
1924 6846
1925 6007
1926 5161
1927 4328
1928 7432
1929 6598
1930 5765
1931 8071
1932 7242
1933 6400
1934 5552
1935 4721
1936 7774
1937 6939
1938 6104
1939 5274
1940 7573
1941 6741
1942 5892
1943 5063
1944 4233
1945 7163
1946 6328
1947 5488
1948 7795
1949 6958
1950 6115
1951 5284
1952 4455
1953 6555
1954 5722
1955 4869
1956 8021
1957 7194
1958 6342
1959 5506
1960 7831
1961 6996
1962 6161
1963 5333
1964 4503
1965 6552
1966 5717
1967 4884
1968 4055
1969 7141
1970 6306
1971 5471
1972 7830
1973 6996
1974 6159
1975 5330
1976 4501
1977 7497
1978 6664
1979 5831
1980 9110
1981 8274
1982 7435
1983 6602
1984 5773
1985 8058
1986 7224
1987 6392
1988 5563
1989 4735
1990 6702
1991 5860
1992 5026
1993 4196
1994 6291
1995 5453
1996 4616
1997 7815
1998 6964
1999 6127
2000 5288
2001 7457
2002 6618
2003 5776
2004 4941
2005 7161
2006 6324
2007 5486
2008 4653
2009 6835
2010 6000
2011 5164
2012 4328
2013 7303
2014 6461
2015 5624
2016 7956
2017 7106
2018 6256
2019 5418
2020 4582
2021 6718
2022 5880
2023 5044
2024 4213
2025 7262
2026 6428
2027 5600
2028 7923
2029 7085
2030 6245
2031 5415
2032 4568
2033 9278
2034 8436
2035 7596
2036 6766
2037 9481
2038 8645
2039 7812
2040 6982
2041 6148
2042 5310
2043 8285
2044 7410
2045 6553
2046 5715
2047 7963
2048 7134
2049 6300
2050 5467
2051 4637
2052 7647
2053 6794
2054 5947
2055 5104
2056 7308
2057 6464
2058 5628
2059 4797
2060 6975
2061 6144
2062 5284
2063 4447
2064 7611
2065 6776
2066 5941
2067 5110
2068 7223
2069 6388
2070 5550
2071 4719
2072 6913
2073 6082
2074 5247
2075 4414
2076 7569
2077 6733
2078 5896
2079 5066
2080 7236
2081 6403
2082 5575
2083 4746
2084 6924
2085 6086
2086 5236
2087 4406
2088 6421
2089 5586
2090 4752
2091 7062
2092 6229
2093 5396
2094 4558
2095 6682
2096 5848
2097 5013
2098 4183
2099 6275
2100 5442
2101 4612
2102 6852
2103 6015
2104 5178
2105 4349
2106 7428
2107 6593
2108 5758
2109 8163
2110 7331
2111 6496
2112 5663
2113 4824
2114 6895
2115 6060
2116 5228
2117 4397
2118 7623
2119 6792
2120 5957
2121 9097
2122 8241
2123 7399
2124 6566
2125 5736
2126 8202
2127 7371
2128 6536
2129 5702
2130 4871
2131 6512
2132 5670
2133 4835
2134 7152
2135 6325
2136 5490
2137 4641
2138 7794
2139 6970
2140 6131
2141 5297
2142 7414
2143 6579
2144 5746
2145 4909
2146 7114
2147 6286
2148 5453
2149 4619
2150 6775
2151 5943
2152 5107
2153 4277
2154 6379
2155 5548
2156 4721
2157 6955
2158 6122
2159 5284
2160 4442
2161 7479
2162 6634
2163 5798
2164 8065
2165 7229
2166 6389
2167 5555
2168 4727
2169 6790
2170 5958
2171 5125
2172 4298
2173 6430
2174 5590
2175 4756
2176 9595
2177 8766
2178 7930
2179 7098
2180 9963
2181 9073
2182 8210
2183 7364
2184 6526
2185 5695
2186 8566
2187 7732
2188 6896
2189 6061
2190 5219
2191 7329
2192 6424
2193 5531
2194 4634
2195 7707
2196 6850
2197 6000
2198 5160
2199 8236
2200 7403
2201 6568
2202 5673
2203 7899
2204 7063
2205 6223
2206 5382
2207 4553
2208 6676
2209 5842
2210 5007
2211 4183
2212 6280
2213 5447
2214 4611
2215 7837
2216 7000
2217 6163
2218 5332
2219 7618
2220 6767
2221 5927
2222 5093
2223 7153
2224 6256
2225 5376
2226 4506
2227 7504
2228 6651
2229 5792
2230 8146
2231 7284
2232 6436
2233 5600
2234 4769
2235 6801
2236 5974
2237 5116
2238 4249
2239 6305
2240 5391
2241 4550
2242 6810
2243 5976
2244 5152
2245 4336
2246 7378
2247 6562
2248 5753
2249 8136
2250 7283
2251 6389
2252 5533
2253 4710
2254 7753
2255 6940
2256 6125
2257 5310
2258 7561
2259 6732
2260 5913
2261 5101
2262 4276
2263 6071
2264 5236
2265 4405
2266 7683
2267 6865
2268 6048
2269 5233
2270 7406
2271 6591
2272 5776
2273 4955
2274 7108
2275 6231
2276 5396
2277 4578
2278 7693
2279 6837
2280 5981
2281 5098
2282 7238
2283 6333
2284 5436
2285 4579
2286 7629
2287 6800
2288 5969
2289 5140
2290 7332
2291 6434
2292 5582
2293 4734
2294 7866
2295 6990
2296 6091
2297 5195
2298 7275
2299 6320
2300 5423
2301 4516
2302 6529
2303 5628
2304 4730
2305 6908
2306 6011
2307 5113
2308 4205
2309 6226
2310 5326
2311 4429
2312 6587
2313 5738
2314 4842
2315 7934
2316 7030
2317 6129
2318 5225
2319 7400
2320 6505
2321 5610
2322 4721
2323 6824
2324 5927
2325 5029
2326 4174
2327 6203
2328 5307
2329 4457
2330 7572
2331 6712
2332 5862
2333 8154
2334 7322
2335 6438
2336 5540
2337 4644
2338 7560
2339 6662
2340 5757
2341 8027
2342 7155
2343 6255
2344 5358
2345 4509
2346 6386
2347 5490
2348 4638
2349 6883
2350 6046
2351 5168
2352 4273
2353 6505
2354 5608
2355 4743
2356 7706
2357 6866
2358 6011
2359 5166
2360 7342
2361 6453
2362 5554
2363 4657
2364 6751
2365 5876
2366 4974
2367 4080
2368 6123
2369 5256
2370 4363
2371 6429
2372 5576
2373 4709
2374 7007
2375 6155
2376 5284
2377 4446
2378 7457
2379 6619
2380 5790
2381 8133
2382 7302
2383 6473
2384 5644
2385 4809
2386 8377
2387 7481
2388 6581
2389 9283
2390 8394
2391 7536
2392 6702
2393 5815
2394 4917
2395 6906
2396 6006
2397 5100
2398 4197
2399 7081
2400 6212
2401 5314
2402 7528
2403 6641
2404 5742
2405 4943
2406 7077
2407 6182
2408 5267
2409 4372
2410 6295
2411 5400
2412 4501
2413 6619
2414 5761
2415 4872
2416 6977
2417 6079
2418 5180
2419 4282
2420 6328
2421 5477
2422 4637
2423 6843
2424 5944
2425 5092
2426 4256
2427 6319
2428 5419
2429 4521
2430 6601
2431 5704
2432 4806
2433 7015
2434 6138
2435 5208
2436 4311
2437 6406
2438 5515
2439 4618
2440 7694
2441 6799
2442 5900
2443 8159
2444 7263
2445 6363
2446 5462
2447 4602
2448 6525
2449 5688
2450 4857
2451 7086
2452 6189
2453 5291
2454 4389
2455 6401
2456 5502
2457 4633
2458 6862
2459 6012
2460 5170
2461 4337
2462 7349
2463 6454
2464 5612
2465 8906
2466 8066
2467 7234
2468 6405
2469 5552
2470 7636
2471 6763
2472 5931
2473 5107
2474 4276
2475 6207
2476 5304
2477 4405
2478 7481
2479 6584
2480 5682
2481 8034
2482 7139
2483 6241
2484 5343
2485 4472
2486 6356
2487 5444
2488 4550
2489 6688
2490 5833
2491 4958
2492 4104
2493 6183
2494 5349
2495 4518
2496 6771
2497 5941
2498 5112
2499 4306
2500 7357
2501 6529
2502 5696
2503 7960
2504 7121
2505 6237
2506 5338
2507 4491
2508 6480
2509 5582
2510 4679
2511 6885
2512 5987
2513 5091
2514 4193
2515 6187
2516 5323
2517 4485
2518 7677
2519 6846
2520 6013
2521 5183
2522 9012
2523 8116
2524 7219
2525 6320
2526 8488
2527 7591
2528 6694
2529 5855
2530 5021
2531 8058
2532 7162
2533 6259
2534 5363
2535 7432
2536 6534
2537 5620
2538 4797
2539 7901
2540 7009
2541 6156
2542 5323
2543 8476
2544 7581
2545 6679
2546 5780
2547 7996
2548 7098
2549 6197
2550 5299
2551 4401
2552 6317
2553 5414
2554 4519
2555 6725
2556 5827
2557 4914
2558 7007
2559 6109
2560 5212
2561 4341
2562 6404
2563 5553
2564 4719
2565 7873
2566 6986
2567 6087
2568 5241
2569 7285
2570 6388
2571 5517
2572 4664
2573 6829
2574 5985
2575 5147
2576 4367
2577 6450
2578 5561
2579 4714
2580 7935
2581 7043
2582 6149
2583 5252
2584 7368
2585 6461
2586 5559
2587 4660
2588 6712
2589 5811
2590 4915
2591 7042
2592 6145
2593 5247
2594 4349
2595 6380
2596 5481
2597 4575
2598 6705
2599 5814
2600 4917
2601 8079
2602 7183
2603 6285
2604 5388
2605 7521
2606 6662
2607 5807
2608 4952
2609 7180
2610 6338
2611 5491
2612 4635
2613 7714
2614 6877
2615 6046
2616 5215
2617 7291
2618 6459
2619 5620
2620 4811
2621 7042
2622 6172
2623 5309
2624 4470
2625 6507
2626 5677
2627 4847
2628 7079
2629 6245
2630 5372
2631 4512
2632 7642
2633 6814
2634 5969
2635 5127
2636 7312
2637 6475
2638 5645
2639 4814
2640 6986
2641 6157
2642 5327
2643 4484
2644 7504
2645 6618
2646 5753
2647 8105
2648 7275
2649 6445
2650 5613
2651 4783
2652 6818
2653 5959
2654 5118
2655 4253
2656 7316
2657 6479
2658 5642
2659 8046
2660 7186
2661 6344
2662 5505
2663 4638
2664 7514
2665 6615
2666 5766
2667 8047
2668 7162
2669 6261
2670 5363
2671 4466
2672 6391
2673 5517
2674 4646
2675 6845
2676 6012
2677 5176
2678 4326
2679 6402
2680 5557
2681 4720
2682 6962
2683 6132
2684 5302
2685 4469
2686 6636
2687 5818
2688 5003
2689 4189
2690 7247
2691 6401
2692 5543
2693 8809
2694 7953
2695 7095
2696 6295
2697 5437
2698 7483
2699 6649
2700 5814
2701 4923
2702 8040
2703 7191
2704 6359
2705 5483
2706 7649
2707 6752
2708 5853
2709 4952
2710 7025
2711 6129
2712 5233
2713 4336
2714 6320
2715 5422
2716 4507
2717 7584
2718 6686
2719 5790
2720 8117
2721 7223
2722 6329
2723 5482
2724 4613
2725 6596
2726 5754
2727 4923
2728 4099
2729 8781
2730 7953
2731 7132
2732 9981
2733 9160
2734 8275
2735 7403
2736 6545
2737 5709
2738 4875
2739 6815
2740 5988
2741 5168
2742 4352
2743 6470
2744 5655
2745 4840
2746 8080
2747 7267
2748 6446
2749 5619
2750 7882
2751 7060
2752 6240
2753 5386
2754 4530
2755 6528
2756 5673
2757 4814
2758 7004
2759 6144
2760 5276
2761 4455
2762 6519
2763 5664
2764 4792
2765 7055
2766 6201
2767 5343
2768 4486
2769 7477
2770 6621
2771 5723
2772 8045
2773 7148
2774 6271
2775 5370
2776 4473
2777 6436
2778 5539
2779 4671
2780 7714
2781 6811
2782 5911
2783 8155
2784 7286
2785 6384
2786 5485
2787 4586
2788 6563
2789 5661
2790 4762
2791 6868
2792 5969
2793 5068
2794 4150
2795 6174
2796 5272
2797 4421
2798 6905
2799 6063
2800 5231
2801 7495
2802 6602
2803 5705
2804 4804
2805 6943
2806 6074
2807 5177
2808 4279
2809 6222
2810 5325
2811 4428
2812 6564
2813 5695
2814 4846
2815 8013
2816 7110
2817 6213
2818 5312
2819 8380
2820 7534
2821 6699
2822 5832
2823 8013
2824 7142
2825 6237
2826 5349
2827 4452
2828 7373
2829 6507
2830 5652
2831 7913
2832 7063
2833 6228
2834 5404
2835 4551
2836 6486
2837 5620
2838 4750
2839 7961
2840 7118
2841 6280
2842 5422
2843 7504
2844 6638
2845 5745
2846 4867
2847 7975
2848 7078
2849 6182
2850 5284
2851 7366
2852 6454
2853 5548
2854 4651
2855 7673
2856 6774
2857 5879
2858 8121
2859 7244
2860 6336
2861 5452
2862 4547
2863 6510
2864 5638
2865 4787
2866 8577
2867 7697
2868 6786
2869 5887
2870 8489
2871 7595
2872 6699
2873 5798
2874 4903
2875 6953
2876 6092
2877 5205
2878 4304
2879 7277
2880 6380
2881 5481
2882 7738
2883 6843
2884 5968
2885 5069
2886 8047
2887 7148
2888 6238
2889 5388
2890 7537
2891 6636
2892 5732
2893 4834
2894 7864
2895 6960
2896 6059
2897 5159
2898 8211
2899 7314
2900 6412
2901 5512
2902 7653
2903 6754
2904 5847
2905 4946
2906 6986
2907 6088
2908 5189
2909 4290
2910 7297
2911 6435
2912 5545
2913 7804
2914 6885
2915 6013
2916 5113
2917 4224
2918 6159
2919 5261
2920 4409
2921 6555
2922 5654
2923 4756
2924 6932
2925 6048
2926 5174
2927 4276
2928 6437
2929 5543
2930 4684
2931 7791
2932 6889
2933 5991
2934 5092
2935 7179
2936 6279
2937 5383
2938 4486
2939 7480
2940 6578
2941 5706
2942 8019
2943 7121
2944 6227
2945 5333
2946 4436
2947 7348
2948 6430
2949 5539
2950 7753
2951 6857
2952 6007
2953 5212
2954 4333
2955 6256
2956 5344
2957 4446
2958 7478
2959 6582
2960 5683
2961 7972
2962 7074
2963 6176
2964 5252
2965 4389
2966 6406
2967 5554
2968 4658
2969 6815
2970 5916
2971 5012
2972 4094
2973 6152
2974 5247
2975 4376
2976 6496
2977 5648
2978 4811
2979 8027
2980 7137
2981 6237
2982 5341
2983 7407
2984 6511
2985 5611
2986 4763
2987 7821
2988 6914
2989 6014
2990 5115
2991 7231
2992 6326
2993 5427
2994 4531
2995 6500
2996 5599
2997 4697
2998 6924
2999 6028
3000 5130
3001 4256
3002 6189
3003 5291
3004 4392
3005 6586
3006 5688
3007 4788
3008 6924
3009 6029
3010 5129
3011 4273
3012 7244
3013 6387
3014 5553
3015 8802
3016 7904
3017 7006
3018 6108
3019 5214
3020 7265
3021 6404
3022 5500
3023 4607
3024 6628
3025 5753
3026 4890
3027 8049
3028 7178
3029 6287
3030 5389
3031 7580
3032 6727
3033 5878
3034 5038
3035 4174
3036 6280
3037 5443
3038 4560
3039 7524
3040 6622
3041 5710
3042 7995
3043 7098
3044 6229
3045 5406
3046 4570
3047 7517
3048 6675
3049 5768
3050 8059
3051 7160
3052 6259
3053 5355
3054 4457
3055 6388
3056 5518
3057 4647
3058 6843
3059 5982
3060 5122
3061 4267
3062 6271
3063 5405
3064 4536
3065 6767
3066 5901
3067 5037
3068 4184
3069 7809
3070 6971
3071 6139
3072 8831
3073 7934
3074 7036
3075 6187
3076 5281
3077 7260
3078 6391
3079 5520
3080 4644
3081 6813
3082 5966
3083 5105
3084 4226
3085 6219
3086 5363
3087 4513
3088 6775
3089 5942
3090 5060
3091 4193
3092 6207
3093 5363
3094 4524
3095 6799
3096 5962
3097 5170
3098 4332
3099 6352
3100 5509
3101 4672
3102 6917
3103 6080
3104 5244
3105 4442
3106 7555
3107 6719
3108 5881
3109 5080
3110 8178
3111 7331
3112 6485
3113 5677
3114 7934
3115 7103
3116 6265
3117 5428
3118 4592
3119 6638
3120 5802
3121 4964
3122 4180
3123 6244
3124 5397
3125 4560
3126 6785
3127 5948
3128 5111
3129 4274
3130 7292
3131 6455
3132 5616
3133 8046
3134 7136
3135 6224
3136 5324
3137 4452
3138 6392
3139 5542
3140 4646
3141 7778
3142 6877
3143 5971
3144 5098
3145 7173
3146 6276
3147 5378
3148 4498
3149 6512
3150 5630
3151 4718
3152 7864
3153 6954
3154 6056
3155 5211
3156 7284
3157 6382
3158 5482
3159 4627
3160 6608
3161 5706
3162 4773
3163 6905
3164 6003
3165 5151
3166 4250
3167 6275
3168 5376
3169 4473
3170 7495
3171 6602
3172 5693
3173 7996
3174 7099
3175 6187
3176 5325
3177 4448
3178 6436
3179 5599
3180 4754
3181 7931
3182 7065
3183 6213
3184 5366
3185 7551
3186 6718
3187 5844
3188 4958
3189 8035
3190 7141
3191 6230
3192 5367
3193 7401
3194 6500
3195 5602
3196 4728
3197 6837
3198 5940
3199 5043
3200 4144
3201 6180
3202 5282
3203 4377
3204 10070
3205 9171
3206 8272
3207 11011
3208 10116
3209 9217
3210 8352
3211 7451
3212 6547
3213 5744
3214 4873
3215 6639
3216 5733
3217 4834
3218 4765
3219 6086
3220 5193
3221 4289
3222 4226
3223 5426
3224 4526
3225 5509
3226 6709
3227 5810
3228 6001
3229 5106
3230 4207
3231 5199
3232 4306
3233 5298
3234 5533
3235 4574
3236 5612
3237 4713
3238 5820
3239 4924
3240 4026
3241 4129
3242 3232
3243 4394
3244 3496
3245 3505
3246 4630
3247 3730
3248 3801
3249 5101
3250 4230
3251 3333
3252 3276
3253 5438
3254 4541
3255 4544
3256 5894
3257 4995
3258 4092
3259 3222
3260 3087
3261 5227
3262 4328
3263 4347
3264 5785
3265 4888
3266 3988
3267 3795
3268 5987
3269 5089
3270 4192
3271 3374
3272 5408
3273 4511
3274 3613
3275 5592
3276 4686
3277 7011
3278 6110
3279 5212
3280 4311
3281 6313
3282 5418
3283 4519
3284 7580
3285 6685
3286 5815
3287 8110
3288 7211
3289 6313
3290 5454
3291 4556
3292 7411
3293 6511
3294 5612
3295 7906
3296 7062
3297 6222
3298 5332
3299 4481
3300 6376
3301 5478
3302 4579
3303 6771
3304 5898
3305 5000
3306 4160
3307 6199
3308 5298
3309 4399
3310 6487
3311 5590
3312 4693
3313 6811
3314 5905
3315 5006
3316 4100
3317 6150
3318 5256
3319 4359
3320 6515
3321 5617
3322 4716
3323 7881
3324 6980
3325 6082
3326 5185
3327 7306
3328 6410
3329 5506
3330 4599
3331 7554
3332 6651
3333 5753
3334 8065
3335 7165
3336 6269
3337 5376
3338 4477
3339 6459
3340 5587
3341 4690
3342 7829
3343 6914
3344 6015
3345 5150
3346 7188
3347 6292
3348 5388
3349 4491
3350 7510
3351 6613
3352 5714
3353 7977
3354 7082
3355 6172
3356 5272
3357 4375
3358 6296
3359 5400
3360 4501
3361 7566
3362 6667
3363 5767
3364 8054
3365 7155
3366 6255
3367 5358
3368 4454
3369 7363
3370 6465
3371 5563
3372 7821
3373 6924
3374 6030
3375 5147
3376 4268
3377 6236
3378 5341
3379 4439
3380 6508
3381 5610
3382 4712
3383 6886
3384 5973
3385 5075
3386 4177
3387 6324
3388 5424
3389 4526
3390 6535
3391 5630
3392 4741
3393 6910
3394 6024
3395 5126
3396 4225
3397 6379
3398 5483
3399 4577
3400 6498
3401 5603
3402 4695
3403 6867
3404 5960
3405 5049
3406 4152
3407 7865
3408 7016
3409 6183
3410 8827
3411 7932
3412 7027
3413 6124
3414 5226
3415 7312
3416 6445
3417 5574
3418 4674
3419 7666
3420 6761
3421 5861
3422 8125
3423 7229
3424 6311
3425 5407
3426 4511
3427 6423
3428 5524
3429 4633
3430 7774
3431 6894
3432 5996
3433 5121
3434 7229
3435 6391
3436 5569
3437 4744
3438 6978
3439 6148
3440 5322
3441 4501
3442 7599
3443 6785
3444 5966
3445 5138
3446 7182
3447 6279
3448 5432
3449 4534
3450 6684
3451 5783
3452 4880
3453 7999
3454 7099
3455 6195
3456 5325
3457 8362
3458 7468
3459 6584
3460 5679
3461 7839
3462 6942
3463 6044
3464 5143
3465 4246
3466 6274
3467 5366
3468 4456
3469 7484
3470 6583
3471 5676
3472 7944
3473 7042
3474 6143
3475 5247
3476 4337
3477 6277
3478 5383
3479 4484
3480 7244
3481 6345
3482 5441
3483 7940
3484 7080
3485 6184
3486 5287
3487 7480
3488 6583
3489 5686
3490 4789
3491 7819
3492 6921
3493 6013
3494 5140
3495 7235
3496 6352
3497 5458
3498 4563
3499 7595
3500 6687
3501 5819
3502 8162
3503 7270
3504 6374
3505 5474
3506 4579
3507 6413
3508 5504
3509 4606
3510 6770
3511 5876
3512 4979
3513 8101
3514 7177
3515 6279
3516 5407
3517 7521
3518 6653
3519 5756
3520 4860
3521 7913
3522 7019
3523 6127
3524 5210
3525 7346
3526 6448
3527 5548
3528 4712
3529 7800
3530 6904
3531 6007
3532 5099
3533 7193
3534 6298
3535 5399
3536 4577
3537 6623
3538 5574
3539 4676
3540 9434
3541 8540
3542 7643
3543 6686
3544 9343
3545 8451
3546 7555
3547 6634
3548 5758
3549 4889
3550 6774
3551 5879
3552 4961
3553 8081
3554 7184
3555 6286
3556 5387
3557 8461
3558 7595
3559 6742
3560 5883
3561 8081
3562 7183
3563 6284
3564 5381
3565 4481
3566 7405
3567 6510
3568 5606
3569 8800
3570 7900
3571 6992
3572 6090
3573 5192
3574 7274
3575 6369
3576 5470
3577 4575
3578 6579
3579 5711
3580 4767
3581 7900
3582 7002
3583 6086
3584 5214
3585 8268
3586 7368
3587 6486
3588 5615
3589 7800
3590 6906
3591 6009
3592 5110
3593 4212
3594 7167
3595 6281
3596 5434
3597 7938
3598 7098
3599 6237
3600 5397
3601 4514
3602 7223
3603 6323
3604 5420
3605 7640
3606 6743
3607 5845
3608 4947
3609 6986
3610 6089
3611 5190
3612 4286
3613 6312
3614 5421
3615 4557
3616 6731
3617 5890
3618 5053
3619 4237
3620 6334
3621 5500
3622 4664
3623 7851
3624 7016
3625 6181
3626 5380
3627 7563
3628 6726
3629 5891
3630 4974
3631 7053
3632 6216
3633 5376
3634 4537
3635 6735
3636 5885
3637 5050
3638 4219
3639 6299
3640 5470
3641 4588
3642 7767
3643 6864
3644 5965
3645 5088
3646 7250
3647 6406
3648 5523
3649 4614
3650 7586
3651 6693
3652 5776
3653 9039
3654 8141
3655 7244
3656 6345
3657 5447
3658 7472
3659 6603
3660 5732
3661 4839
3662 6891
3663 5989
3664 5083
3665 4205
3666 7229
3667 6331
3668 5431
3669 7659
3670 6763
3671 5858
3672 4960
3673 6999
3674 6012
3675 5106
3676 4252
3677 7981
3678 7073
3679 6213
3680 9002
3681 8174
3682 7345
3683 6515
3684 5681
3685 4831
3686 6851
3687 6026
3688 5197
3689 4367
3690 6431
3691 5603
3692 4771
3693 8005
3694 7175
3695 6345
3696 5513
3697 7687
3698 6808
3699 5880
3700 4979
3701 8067
3702 7166
3703 6302
3704 5458
3705 7630
3706 6793
3707 5934
3708 5087
3709 4257
3710 6271
3711 5426
3712 4559
3713 7754
3714 6885
3715 6030
3716 5173
3717 7326
3718 6469
3719 5625
3720 4796
3721 6969
3722 6117
3723 5258
3724 4406
3725 7448
3726 6612
3727 5778
3728 8056
3729 7200
3730 6316
3731 5418
3732 4518
3733 6438
3734 5543
3735 4646
3736 7829
3737 6932
3738 6034
3739 5135
3740 7216
3741 6303
3742 5403
3743 4546
3744 7470
3745 6573
3746 5675
3747 7967
3748 7065
3749 6159
3750 5262
3751 4383
3752 7352
3753 6517
3754 5686
3755 8001
3756 7092
3757 6192
3758 5288
3759 4394
3760 6367
3761 5477
3762 4580
3763 6632
3764 5731
3765 4833
3766 7022
3767 6127
3768 5197
3769 4299
3770 6282
3771 5386
3772 4485
3773 7594
3774 6700
3775 5800
3776 8043
3777 7146
3778 6279
3779 5421
3780 4523
3781 6472
3782 5575
3783 4680
3784 7843
3785 6942
3786 6041
3787 5146
3788 7207
3789 6310
3790 5410
3791 4515
3792 6584
3793 5677
3794 4779
3795 8111
3796 7208
3797 6323
3798 5423
3799 7344
3800 6449
3801 5552
3802 4656
3803 6689
3804 5786
3805 4886
3806 7993
3807 7096
3808 6175
3809 5274
3810 7355
3811 6442
3812 5541
3813 4669
3814 6843
3815 5960
3816 5112
3817 4284
3818 7269
3819 6373
3820 5469
3821 8596
3822 7701
3823 6804
3824 5906
3825 8087
3826 7216
3827 6370
3828 5517
3829 4620
3830 6479
3831 5580
3832 4668
3833 6809
3834 5913
3835 5025
3836 4142
3837 6159
3838 5307
3839 4404
3840 6534
3841 5636
3842 4734
3843 6930
3844 6030
3845 5132
3846 4252
3847 6910
3848 6058
3849 5222
3850 8439
3851 7598
3852 6760
3853 5894
3854 8126
3855 7278
3856 6429
3857 5593
3858 4761
3859 6845
3860 6007
3861 5171
3862 4335
3863 6450
3864 5612
3865 4758
3866 7978
3867 7134
3868 6295
3869 5484
3870 7679
3871 6842
3872 6011
3873 5178
3874 4342
3875 7315
3876 6478
3877 5639
3878 7963
3879 7108
3880 6254
3881 5414
3882 4577
3883 7240
3884 6393
3885 5554
3886 4720
3887 7277
3888 6442
3889 5606
3890 4776
3891 6934
3892 6095
3893 5259
3894 4467
3895 7445
3896 6599
3897 5765
3898 8126
3899 7291
3900 6291
3901 5467
3902 4627
3903 7655
3904 6818
3905 5960
3906 5111
3907 7240
3908 6402
3909 5572
3910 4724
3911 6865
3912 6023
3913 5131
3914 4311
3915 6325
3916 5486
3917 4650
3918 6944
3919 6113
3920 5272
3921 4439
3922 6588
3923 5750
3924 4901
3925 7093
3926 6257
3927 5412
3928 4569
3929 7692
3930 6857
3931 6020
3932 5240
3933 7339
3934 6505
3935 5729
3936 4889
3937 6949
3938 6114
3939 5221
3940 4381
3941 6577
3942 5747
3943 4891
3944 7073
3945 6237
3946 5386
3947 4539
3948 6678
3949 5844
3950 5007
3951 4174
3952 6231
3953 5400
3954 4563
3955 6825
3956 5991
3957 5159
3958 4325
3959 6337
3960 5502
3961 4666
3962 6997
3963 6162
3964 5333
3965 4498
3966 6704
3967 5871
3968 5039
3969 4207
3970 7258
3971 6424
3972 5589
3973 7872
3974 7033
3975 6198
3976 5343
3977 4509
3978 6552
3979 5719
3980 4887
3981 8057
3982 7225
3983 6398
3984 5560
3985 7793
3986 6936
3987 6092
3988 5251
3989 4416
3990 6459
3991 5628
3992 4796
3993 8027
3994 7195
3995 6352
3996 5517
3997 8721
3998 7888
3999 7006
4000 6164
4001 5336
4002 7348
4003 6511
4004 5680
4005 4849
4006 7123
4007 6292
4008 5458
4009 4622
4010 7743
4011 6900
4012 6067
4013 5234
4014 7375
4015 6546
4016 5715
4017 4872
4018 7067
4019 6233
4020 5406
4021 4569
4022 6679
4023 5846
4024 5013
4025 4179
4026 6882
4027 6048
4028 5217
4029 7825
4030 6992
4031 6159
4032 5323
4033 7531
4034 6691
4035 5852
4036 5015
4037 4182
4038 6256
4039 5425
4040 4594
4041 6823
4042 5988
4043 5149
4044 4312
4045 7308
4046 6476
4047 5636
4048 7960
4049 7128
4050 6295
4051 5460
4052 4621
4053 6779
4054 5947
4055 5113
4056 4281
4057 7298
4058 6467
4059 5581
4060 8061
4061 7225
4062 6393
4063 5593
4064 4756
4065 7614
4066 6780
4067 5941
4068 5105
4069 8303
4070 7467
4071 6631
4072 5798
4073 8032
4074 7199
4075 6371
4076 5547
4077 4717
4078 6768
4079 5938
4080 5086
4081 4249
4082 6343
4083 5509
4084 4669
4085 6873
4086 6042
4087 5175
4088 4335
4089 6404
4090 5569
4091 4730
4092 7003
4093 6166
4094 5323
4095 4489
4096 7625
4097 6786
4098 5953
4099 5117
4100 7225
4101 6393
4102 5557
4103 4722
4104 6889
4105 6053
4106 5221
4107 4379
4108 6493
4109 5656
4110 4823
4111 7059
4112 6233
4113 5402
4114 4567
4115 6699
4116 5863
4117 5025
4118 4191
4119 7201
4120 6362
4121 5529
4122 7875
4123 7042
4124 6208
4125 5377
4126 4539
4127 6623
4128 5788
4129 4952
4130 4124
4131 7210
4132 6379
4133 5547
4134 7856
4135 7027
4136 6194
4137 5362
4138 4527
4139 7476
4140 6636
4141 5801
4142 8108
4143 7277
4144 6445
4145 5613
4146 4781
4147 6870
4148 6039
4149 5214
4150 4377
4151 6420
4152 5585
4153 4751
4154 8016
4155 7181
4156 6348
4157 5516
4158 8752
4159 7921
4160 7089
4161 6249
4162 5417
4163 7582
4164 6751
4165 5918
4166 5084
4167 4254
4168 6311
4169 5478
4170 4646
4171 6831
4172 5999
4173 5215
4174 4384
4175 7401
4176 6564
4177 5730
4178 9214
4179 8378
4180 7535
4181 6702
4182 5868
4183 8912
4184 8076
4185 7243
4186 6416
4187 5575
4188 8683
4189 7848
4190 7014
4191 6182
4192 5350
4193 7432
4194 6592
4195 5756
4196 4924
4197 7090
4198 6257
4199 5422
4200 4588
4201 6743
4202 5909
4203 5071
4204 4244
4205 6286
4206 5455
4207 4623
4208 7892
4209 7062
4210 6227
4211 5389
4212 7638
4213 6803
4214 5962
4215 5127
4216 4295
4217 7332
4218 6500
4219 5664
4220 7987
4221 7159
4222 6330
4223 5487
4224 4651
4225 7708
4226 6875
4227 6038
4228 5176
4229 7333
4230 6498
4231 5665
4232 4831
4233 7050
4234 6213
4235 5375
4236 4539
4237 6555
4238 5720
4239 4836
4240 7704
4241 6876
4242 6043
4243 5201
4244 7791
4245 6961
4246 6124
4247 5290
4248 8430
4249 7599
4250 6761
4251 5926
4252 8094
4253 7256
4254 6423
4255 5590
4256 4757
4257 6851
4258 6014
4259 5156
4260 4317
4261 6426
4262 5593
4263 4760
4264 6960
4265 6128
4266 5295
4267 4475
4268 6645
4269 5800
4270 4963
4271 4128
4272 6162
4273 5329
4274 4496
4275 6734
4276 5902
4277 5069
4278 4242
4279 6349
4280 5518
4281 4684
4282 6914
4283 6070
4284 5237
4285 4403
4286 6471
4287 5639
4288 4805
4289 8075
4290 7236
4291 6399
4292 5565
4293 7800
4294 6967
4295 6132
4296 5305
4297 4472
4298 6469
4299 5584
4300 4735
4301 7986
4302 7154
4303 6316
4304 5479
4305 7719
4306 6879
4307 6043
4308 5202
4309 4375
4310 6413
4311 5581
4312 4748
4313 7980
4314 7148
4315 6328
4316 5496
4317 8648
4318 7817
4319 6983
4320 6150
4321 5318
4322 7342
4323 6506
4324 5673
4325 4839
4326 7016
4327 6185
4328 5353
4329 4520
4330 6669
4331 5829
4332 4992
4333 4163
4334 7229
4335 6396
4336 5564
4337 7969
4338 7137
4339 6302
4340 5468
4341 4635
4342 7650
4343 6817
4344 5984
4345 5151
4346 7302
4347 6467
4348 5603
4349 4810
4350 7966
4351 7134
4352 6307
4353 5475
4354 7718
4355 6881
4356 6047
4357 5228
4358 4394
4359 7308
4360 6470
4361 5638
4362 7933
4363 7097
4364 6264
4365 5429
4366 4595
4367 6683
4368 5850
4369 5015
4370 4187
4371 6260
4372 5428
4373 4594
4374 6928
4375 6095
4376 5262
4377 4428
4378 7452
4379 6617
4380 5764
4381 9640
4382 8807
4383 7966
4384 7132
4385 6297
4386 8912
4387 8070
4388 7236
4389 6445
4390 5611
4391 4746
4392 6709
4393 5875
4394 5040
4395 4238
4396 6232
4397 5398
4398 4565
4399 6864
4400 6033
4401 5200
4402 4366
4403 6414
4404 5582
4405 4749
4406 6958
4407 6137
4408 5300
4409 4465
4410 6582
4411 5746
4412 4804
4413 8015
4414 7178
4415 6345
4416 5515
4417 7784
4418 6929
4419 6068
4420 5223
4421 4419
4422 7383
4423 6551
4424 5721
4425 8978
4426 8150
4427 7315
4428 6486
4429 5654
4430 7900
4431 7071
4432 6242
4433 5413
4434 4583
4435 6646
4436 5818
4437 4963
4438 4123
4439 7109
4440 6212
4441 5315
4442 7497
4443 6596
4444 5702
4445 4804
4446 7847
4447 6984
4448 6124
4449 5231
4450 7308
4451 6408
4452 5511
4453 4665
4454 6639
4455 5742
4456 4844
4457 7092
4458 6197
4459 5298
4460 4391
4461 6374
4462 5511
4463 4612
4464 6736
4465 5840
4466 4925
4467 7132
4468 6253
4469 5400
4470 4566
4471 7603
4472 6728
4473 5830
4474 7911
4475 7011
4476 4937
4477 7175
4478 6294
4479 5408
4480 4510
4481 7443
4482 6545
4483 5644
4484 7935
4485 7036
4486 6139
4487 5243
4488 4344
4489 7266
4490 6371
4491 5475
4492 7785
4493 6900
4494 6002
4495 5104
4496 7240
4497 6388
4498 5553
4499 4726
4500 7726
4501 6828
4502 5930
4503 8191
4504 7296
4505 6372
4506 5461
4507 4562
4508 7437
4509 6531
4510 5634
4511 7840
4512 6929
4513 6027
4514 5124
4515 4242
4516 6174
4517 5277
4518 4384
4519 7461
4520 6564
4521 5656
4522 7971
4523 7075
4524 6177
4525 5280
4526 4383
4527 7316
4528 6421
4529 5511
4530 7816
4531 6943
4532 6048
4533 5151
4534 8139
4535 7244
4536 6400
4537 5539
4538 8682
4539 7789
4540 6876
4541 6024
4542 5190
4543 7239
4544 6343
4545 5441
4546 4543
4547 7513
4548 6613
4549 5715
4550 8047
4551 7148
4552 6251
4553 5347
4554 4450
4555 6413
4556 5540
4557 4648
4558 7662
4559 6778
4560 5880
4561 8174
4562 7257
4563 6310
4564 5082
4565 4260
4566 6253
4567 5435
4568 4607
4569 7819
4570 6994
4571 6172
4572 5336
4573 7689
4574 6871
4575 6035
4576 5203
4577 4363
4578 6249
4579 5428
4580 4608
4581 6804
4582 5958
4583 5122
4584 4308
4585 6478
4586 5658
4587 4842
4588 7981
4589 7156
4590 6358
4591 5546
4592 7796
4593 6965
4594 6132
4595 5316
4596 4485
4597 6539
4598 5710
4599 4858
4600 8063
4601 7226
4602 6387
4603 5506
4604 8708
4605 7860
4606 7024
4607 6165
4608 5260
4609 7332
4610 6458
4611 5557
4612 4692
4613 7780
4614 6946
4615 6112
4616 5273
4617 7441
4618 6608
4619 5777
4620 4946
4621 7139
4622 6310
4623 5478
4624 4643
4625 7722
4626 6894
4627 6065
4628 5243
4629 7572
4630 6703
4631 5878
4632 5060
4633 4246
4634 6170
4635 5324
4636 4439
4637 6687
4638 5811
4639 5015
4640 4196
4641 7257
4642 6405
4643 5568
4644 7902
4645 7059
4646 6210
4647 5365
4648 4512
4649 7431
4650 6565
4651 5714
4652 8991
4653 8159
4654 7329
4655 6498
4656 5665
4657 7834
4658 6941
4659 6044
4660 5144
4661 4239
4662 7208
4663 6309
4664 5435
4665 7605
4666 6727
4667 5822
4668 4925
4669 7917
4670 6991
4671 6136
4672 5293
4673 7491
4674 6650
4675 5803
4676 4668
4677 6722
4678 5828
4679 4943
4680 7187
4681 6287
4682 5390
4683 4493
4684 7415
4685 6519
4686 5621
4687 8833
4688 7927
4689 7054
4690 6147
4691 5246
4692 7251
4693 6352
4694 5455
4695 4555
4696 6574
4697 5677
4698 4781
4699 6970
4700 6070
4701 5197
4702 4352
4703 6520
4704 5639
4705 4740
4706 6814
4707 5918
4708 5021
4709 4124
4710 6194
4711 5298
4712 4394
4713 7499
4714 6605
4715 5706
4716 7968
4717 7071
4718 6156
4719 5258
4720 4352
4721 7275
4722 6374
4723 5458
4724 9199
4725 8305
4726 7409
4727 6514
4728 9149
4729 8253
4730 7347
4731 6449
4732 5551
4733 7558
4734 6663
4735 5794
4736 4885
4737 6968
4738 6121
4739 5244
4740 4346
4741 7319
4742 6425
4743 5527
4744 7822
4745 6950
4746 6053
4747 5154
4748 4257
4749 6203
4750 5307
4751 4401
4752 7409
4753 6506
4754 5599
4755 7930
4756 7025
4757 6125
4758 5278
4759 4387
4760 6511
4761 5616
4762 4723
4763 7687
4764 6767
4765 5867
4766 4967
4767 7123
4768 6224
4769 5375
4770 4493
4771 6448
4772 5535
4773 4636
4774 6823
4775 5925
4776 5026
4777 4127
4778 6139
4779 5236
4780 4340
4781 6681
4782 5786
4783 4888
4784 6806
4785 5906
4786 5012
4787 4110
4788 7164
4789 6285
4790 5377
4791 7506
4792 6605
4793 5701
4794 4809
4795 6903
4796 6006
4797 5111
4798 4205
4799 7188
4800 6280
4801 5383
4802 7593
4803 6697
4804 5798
4805 4897
4806 6978
4807 6077
4808 5176
4809 4280
4810 6366
4811 5515
4812 4682
4813 7878
4814 6998
4815 6100
4816 5172
4817 7345
4818 6513
4819 5634
4820 4740
4821 7811
4822 6933
4823 6080
4824 5242
4825 7342
4826 6447
4827 5553
4828 4655
4829 6803
4830 5901
4831 5008
4832 4100
4833 6144
4834 5247
4835 4347
4836 7674
4837 5985
4838 9011
4839 8172
4840 7263
4841 6366
4842 5492
4843 7583
4844 6748
4845 5915
4846 5033
4847 8145
4848 7246
4849 6342
4850 5455
4851 7498
4852 6602
4853 5704
4854 4795
4855 6930
4856 6052
4857 5142
4858 4210
4859 6238
4860 5341
4861 4443
4862 7514
4863 6635
4864 5619
4865 7858
4866 6991
4867 6115
4868 5227
4869 4371
4870 6315
4871 5432
4872 4528
4873 6635
4874 5736
4875 4839
4876 7027
4877 6129
4878 5234
4879 4331
4880 6307
4881 5445
4882 4546
4883 6659
4884 5762
4885 4862
4886 6988
4887 6095
4888 5187
4889 4290
4890 6367
4891 5459
4892 4560
4893 6607
4894 5708
4895 4805
4896 7005
4897 6139
4898 5272
4899 4418
4900 6675
4901 5845
4902 5016
4903 4182
4904 7198
4905 6374
4906 5543
4907 8814
4908 7984
4909 7154
4910 6271
4911 5388
4912 7431
4913 6529
4914 5633
4915 4737
4916 6801
4917 5906
4918 5011
4919 4112
4920 6199
4921 5308
4922 4408
4923 7475
4924 6580
4925 5682
4926 8491
4927 7594
4928 6699
4929 5801
4930 4922
4931 7421
4932 6588
4933 5697
4934 4824
4935 6955
4936 6122
4937 5293
4938 4463
4939 6710
4940 5881
4941 5052
4942 4228
4943 7189
4944 6361
4945 5528
4946 7973
4947 7141
4948 6294
4949 5458
4950 4630
4951 6695
4952 5855
4953 5019
4954 4190
4955 7228
4956 6403
4957 5570
4958 7893
4959 7037
4960 6203
4961 5380
4962 4552
4963 7665
4964 6838
4965 6010
4966 5166
4967 7213
4968 6315
4969 5426
4970 4554
4971 7694
4972 6844
4973 6000
4974 5146
4975 7246
4976 6393
4977 5525
4978 4666
4979 6798
4980 5938
4981 5091
4982 4292
4983 6359
4984 5513
4985 4656
4986 7856
4987 6959
4988 6088
4989 5189
4990 8295
4991 7446
4992 6600
4993 5751
4994 7946
4995 7105
4996 6270
4997 5447
4998 4617
4999 6763
5000 5925
5001 5090
5002 4260
5003 6235
5004 5401
5005 4562
5006 6840
5007 5975
5008 5121
5009 4283
5010 6424
5011 5594
5012 4745
5013 6946
5014 6001
5015 5110
5016 4260
5017 6293
5018 5442
5019 4604
5020 7809
5021 6973
5022 6129
5023 5273
5024 7472
5025 6643
5026 5806
5027 4964
5028 8079
5029 7253
5030 6397
5031 5566
5032 7872
5033 7054
5034 6246
5035 5432
5036 4618
5037 6613
5038 5796
5039 4971
5040 4140
5041 6270
5042 5438
5043 4616
5044 6871
5045 6033
5046 5170
5047 4329
5048 7359
5049 6529
5050 5700
5051 8050
5052 7178
5053 6351
5054 5510
5055 4668
5056 6716
5057 5887
5058 5040
5059 4178
5060 6230
5061 5399
5062 4571
5063 6848
5064 6015
5065 5167
5066 4311
5067 8938
5068 8101
5069 7216
5070 9993
5071 9115
5072 8266
5073 6967
5074 6066
5075 5168
5076 8020
5077 7128
5078 6230
5079 5355
5080 7569
5081 6684
5082 5794
5083 4890
5084 7001
5085 6086
5086 5162
5087 4263
5088 6195
5089 5277
5090 4388
5091 6375
5092 5508
5093 6875
5094 5937
5095 5054
5096 4195
5097 6251
5098 5415
5099 4537
5100 6642
5101 5741
5102 4843
5103 7027
5104 6109
5105 5201
5106 4289
5107 7276
5108 6431
5109 5576
5110 7892
5111 7055
5112 6225
5113 5346
5114 4478
5115 6461
5116 5597
5117 4739
5118 7870
5119 6984
5120 6109
5121 5285
5122 7368
5123 6508
5124 5528
5125 4674
5126 7778
5127 6931
5128 6088
5129 5245
5130 7361
5131 6531
5132 5692
5133 4829
5134 6948
5135 5964
5136 5091
5137 4237
5138 7319
5139 6477
5140 5641
5141 7924
5142 7095
5143 6217
5144 5360
5145 4511
5146 6511
5147 5651
5148 4767
5149 6899
5150 6030
5151 5214
5152 4320
5153 6220
5154 5353
5155 4483
5156 6712
5157 5860
5158 5042
5159 4158
5160 6202
5161 5332
5162 4479
5163 6631
5164 5713
5165 4811
5166 7915
5167 7045
5168 6205
5169 5364
5170 7501
5171 6611
5172 5743
5173 4842
5174 6934
5175 6036
5176 5212
5177 4316
5178 6361
5179 5498
5180 4649
5181 6738
5182 5849
5183 4865
5184 8019
5185 7119
5186 6231
5187 5335
5188 7420
5189 6569
5190 5683
5191 4783
5192 6924
5193 6044
5194 5173
5195 4356
5196 6309
5197 5405
5198 4505
5199 6603
5200 5737
5201 4833
5202 7017
5203 6119
5204 5218
5205 4314
5206 6310
5207 5412
5208 4513
5209 6574
5210 5641
5211 4676
5212 6758
5213 5899
5214 5100
5215 4264
5216 6297
5217 5364
5218 4477
5219 7626
5220 6773
5221 5932
5222 5098
5223 7256
5224 6424
5225 5593
5226 4760
5227 6918
5228 6036
5229 5172
5230 4222
5231 6204
5232 5332
5233 4464
5234 6684
5235 5843
5236 4949
5237 7141
5238 6246
5239 5341
5240 4438
5241 7388
5242 6518
5243 5645
5244 7985
5245 7118
5246 6246
5247 5371
5248 4533
5249 6506
5250 5668
5251 4787
5252 7002
5253 6164
5254 5318
5255 4494
5256 6549
5257 5706
5258 4830
5259 7070
5260 6234
5261 5396
5262 4558
5263 6678
5264 5843
5265 5020
5266 4184
5267 6280
5268 5441
5269 4613
5270 9412
5271 8574
5272 7731
5273 6910
5274 9670
5275 8827
5276 7990
5277 7151
5278 6286
5279 5445
5280 7383
5281 6545
5282 5674
5283 4835
5284 7014
5285 6163
5286 5325
5287 4489
5288 7523
5289 6684
5290 5842
5291 8145
5292 7310
5293 6481
5294 5616
5295 4777
5296 6836
5297 6001
5298 5164
5299 4329
5300 6444
5301 5608
5302 4770
5303 7002
5304 6167
5305 5330
5306 4454
5307 6545
5308 5710
5309 4870
5310 7147
5311 6318
5312 5461
5313 4626
5314 7770
5315 6935
5316 6101
5317 5263
5318 7359
5319 6519
5320 5682
5321 4844
5322 7014
5323 6181
5324 5348
5325 4536
5326 7617
5327 6782
5328 5947
5329 5147
5330 7326
5331 6487
5332 5647
5333 4802
5334 7944
5335 7109
5336 6272
5337 5438
5338 8648
5339 7812
5340 6976
5341 6128
5342 5270
5343 7389
5344 6554
5345 5716
5346 4881
5347 7991
5348 7164
5349 6325
5350 5522
5351 7746
5352 6912
5353 6077
5354 5202
5355 4363
5356 6390
5357 5553
5358 4715
5359 7886
5360 7050
5361 6216
5362 5380
5363 8604
5364 7766
5365 6920
5366 6071
5367 5234
5368 7300
5369 6429
5370 5591
5371 4752
5372 6953
5373 6112
5374 5270
5375 4430
5376 7485
5377 6651
5378 5771
5379 8109
5380 7274
5381 6436
5382 5601
5383 4765
5384 7823
5385 6997
5386 6158
5387 5321
5388 7449
5389 6610
5390 5771
5391 4931
5392 7054
5393 6219
5394 5384
5395 4586
5396 6729
5397 5891
5398 5116
5399 4279
5400 7273
5401 6433
5402 5564
5403 7907
5404 7070
5405 6249
5406 5387
5407 4545
5408 7514
5409 6679
5410 5839
5411 10734
5412 9899
5413 9051
5414 8190
5415 7353
5416 9991
5417 9154
5418 8318
5419 7517
5420 6683
5421 5845
5422 5014
5423 6970
5424 6134
5425 5336
5426 4467
5427 7540
5428 6703
5429 5842
5430 8159
5431 7323
5432 6488
5433 5641
5434 4799
5435 6852
5436 6016
5437 5177
5438 4313
5439 6417
5440 5587
5441 4750
5442 7905
5443 7073
5444 6236
5445 5424
5446 7662
5447 6825
5448 5990
5449 5153
5450 4313
5451 7298
5452 6463
5453 5624
5454 7959
5455 7125
5456 6290
5457 5456
5458 4593
5459 6718
5460 5875
5461 5034
5462 4174
5463 7202
5464 6313
5465 5473
5466 7800
5467 6966
5468 6086
5469 5242
5470 4404
5471 7327
5472 6508
5473 5683
5474 8070
5475 7252
5476 6434
5477 5621
5478 4803
5479 6853
5480 6035
5481 5273
5482 4453
5483 7503
5484 6668
5485 5827
5486 8175
5487 7321
5488 6453
5489 5615
5490 4779
5491 7819
5492 6981
5493 6145
5494 5307
5495 8509
5496 7678
5497 6854
5498 6044
5499 5201
5500 7310
5501 6490
5502 5709
5503 4889
5504 7986
5505 7167
5506 6349
5507 5593
5508 7802
5509 6981
5510 6163
5511 5345
5512 4518
5513 6632
5514 5813
5515 4991
5516 4174
5517 7241
5518 6418
5519 5597
5520 7949
5521 7131
5522 6332
5523 5512
5524 4693
5525 7728
5526 6905
5527 6084
5528 5258
5529 7482
5530 6655
5531 5836
5532 5023
5533 4184
5534 6245
5535 5428
5536 4600
5537 7825
5538 6992
5539 6173
5540 5355
5541 7620
5542 6803
5543 5977
5544 5159
5545 4342
5546 6385
5547 5566
5548 4737
5549 7856
5550 7021
5551 6172
5552 5335
5553 7597
5554 6760
5555 5968
5556 5128
5557 4282
5558 7771
5559 6931
5560 6093
5561 8912
5562 8075
5563 7271
5564 6433
5565 5591
5566 4754
5567 6697
5568 5854
5569 5075
5570 4235
5571 7265
5572 6428
5573 5588
5574 8887
5575 8012
5576 7172
5577 6335
5578 5498
5579 7612
5580 6776
5581 5954
5582 5119
5583 4284
5584 6314
5585 5480
5586 4645
5587 6877
5588 6046
5589 5181
5590 4339
5591 7372
5592 6536
5593 5700
5594 8034
5595 7198
5596 6363
5597 5526
5598 4691
5599 6723
5600 5883
5601 5096
5602 4260
5603 7286
5604 6444
5605 5605
5606 7972
5607 7137
5608 6262
5609 5425
5610 4587
5611 7570
5612 6730
5613 5888
5614 5052
5615 7212
5616 6377
5617 5535
5618 4698
5619 7859
5620 7025
5621 6185
5622 5348
5623 7591
5624 6756
5625 5928
5626 5091
5627 4255
5628 6215
5629 5376
5630 4556
5631 6816
5632 5991
5633 5173
5634 4356
5635 7391
5636 6575
5637 5755
5638 8103
5639 7286
5640 6468
5641 5650
5642 4833
5643 7857
5644 7029
5645 6171
5646 5331
5647 7650
5648 6805
5649 5965
5650 5140
5651 4319
5652 7254
5653 6437
5654 5618
5655 8012
5656 7186
5657 6366
5658 5544
5659 4724
5660 6806
5661 5977
5662 5164
5663 4346
5664 6538
5665 5718
5666 4898
5667 8094
5668 7278
5669 6459
5670 5644
5671 7908
5672 7089
5673 6271
5674 5430
5675 4612
5676 6575
5677 5751
5678 4919
5679 4099
5680 6326
5681 5504
5682 4686
5683 6923
5684 6106
5685 5287
5686 4470
5687 7537
5688 6709
5689 5817
5690 9103
5691 8267
5692 7431
5693 6590
5694 5754
5695 7862
5696 7025
5697 6183
5698 5348
5699 4488
5700 6520
5701 5678
5702 4842
5703 7103
5704 6270
5705 5415
5706 4575
5707 6683
5708 5844
5709 5033
5710 4171
5711 6155
5712 5321
5713 4489
5714 6781
5715 5942
5716 5151
5717 4229
5718 7172
5719 6315
5720 5465
5721 7834
5722 7004
5723 6170
5724 5334
5725 4486
5726 6507
5727 5678
5728 4800
5729 7019
5730 6185
5731 5354
5732 4519
5733 6600
5734 5765
5735 4883
5736 7994
5737 7135
5738 6313
5739 5453
5740 7742
5741 6907
5742 6022
5743 5161
5744 4303
5745 6964
5746 6131
5747 5339
5748 8624
5749 7790
5750 6993
5751 6135
5752 5263
5753 7323
5754 6438
5755 5578
5756 4730
5757 7828
5758 6988
5759 6157
5760 5354
5761 7488
5762 6645
5763 5802
5764 4886
5765 6929
5766 6051
5767 5209
5768 4392
5769 6421
5770 5591
5771 4694
5772 7813
5773 6977
5774 6140
5775 5342
5776 7631
5777 6799
5778 5960
5779 5131
5780 4302
5781 7293
5782 6458
5783 5628
5784 7922
5785 7082
5786 6253
5787 5424
5788 4596
5789 6719
5790 5887
5791 5063
5792 4233
5793 7260
5794 6366
5795 5384
5796 8504
5797 7625
5798 6773
5799 5900
5800 7982
5801 7112
5802 6210
5803 5311
5804 4418
5805 6431
5806 5522
5807 4610
5808 7691
5809 6812
5810 5934
5811 5107
5812 7222
5813 6317
5814 5450
5815 4592
5816 6765
5817 5931
5818 5041
5819 4143
5820 7089
5821 6190
5822 5294
5823 7487
5824 6593
5825 5725
5826 4826
5827 7896
5828 7001
5829 6095
5830 5192
5831 7255
5832 6363
5833 5460
5834 4561
5835 6557
5836 5698
5837 4818
5838 7124
5839 6251
5840 5354
5841 4457
5842 7364
5843 6494
5844 5615
5845 7950
5846 7039
5847 6129
5848 5248
5849 4336
5850 7226
5851 6321
5852 5427
5853 8568
5854 7672
5855 6772
5856 5937
5857 8074
5858 7165
5859 6335
5860 5437
5861 4537
5862 6437
5863 5568
5864 4671
5865 6963
5866 6068
5867 5170
5868 4266
5869 7219
5870 6325
5871 5462
5872 7658
5873 6758
5874 5859
5875 4991
5876 7043
5877 6173
5878 5277
5879 4380
5880 6401
5881 5522
5882 4606
5883 6697
5884 5799
5885 4897
5886 7048
5887 5939
5888 5090
5889 4263
5890 6357
5891 5542
5892 4725
5893 7026
5894 6212
5895 5387
5896 4567
5897 7723
5898 6910
5899 6095
5900 5308
5901 7596
5902 6781
5903 5965
5904 5149
5905 4361
5906 9833
5907 8974
5908 8117
5909 10949
5910 10091
5911 9200
5912 8374
5913 7516
5914 6614
5915 5795
5916 4937
5917 6792
5918 5940
5919 5107
5920 4281
5921 7298
5922 6468
5923 5611
5924 7964
5925 7107
5926 6266
5927 5408
5928 4546
5929 7515
5930 6654
5931 5797
5932 9046
5933 8142
5934 7266
5935 6412
5936 5558
5937 7676
5938 6827
5939 5967
5940 5109
5941 4255
5942 6203
5943 5342
5944 4487
5945 6712
5946 5862
5947 5014
5948 4164
5949 6223
5950 5330
5951 4433
5952 6708
5953 5842
5954 4997
5955 7022
5956 6127
5957 5214
5958 4319
5959 6317
5960 5449
5961 4551
5962 7628
5963 6757
5964 5858
5965 8186
5966 7314
5967 6417
5968 5519
5969 4619
5970 6554
5971 5654
5972 4757
5973 7892
5974 6990
5975 6097
5976 5202
5977 8231
5978 7335
5979 6455
5980 5556
5981 7739
5982 6865
5983 5965
5984 5054
5985 8053
5986 7156
5987 6256
5988 5358
5989 7514
5990 6573
5991 5676
5992 4777
5993 6831
5994 5926
5995 5025
5996 4128
5997 7107
5998 6213
5999 5316
6000 8435
6001 7521
6002 6657
6003 5760
6004 7946
6005 7025
6006 6160
6007 5263
6008 4367
6009 6324
6010 5416
6011 4516
6012 7525
6013 6625
6014 5728
6015 8012
6016 7114
6017 6218
6018 5320
6019 4423
6020 6356
6021 5458
6022 4616
6023 6656
6024 5753
6025 4856
6026 8031
6027 7172
6028 6388
6029 5549
6030 7736
6031 6904
6032 6073
6033 5292
6034 4413
6035 6289
6036 5447
6037 4604
6038 6909
6039 6072
6040 5235
6041 4400
6042 6472
6043 5639
6044 4800
6045 7991
6046 7150
6047 6315
6048 5521
6049 7701
6050 6865
6051 6069
6052 5234
6053 4397
6054 6375
6055 5537
6056 4736
6057 7889
6058 7054
6059 6256
6060 5421
6061 7674
6062 6845
6063 6012
6064 5214
6065 4385
6066 6417
6067 5581
6068 4757
6069 7915
6070 7087
6071 6269
6072 5439
6073 7687
6074 6853
6075 6020
6076 5210
6077 4378
6078 7293
6079 6392
6080 5491
6081 8638
6082 7742
6083 6848
6084 5953
6085 8164
6086 7269
6087 6370
6088 5473
6089 4566
6090 6457
6091 5554
6092 4658
6093 6779
6094 5874
6095 4993
6096 4093
6097 6136
6098 5236
6099 4338
6100 6420
6101 5529
6102 4626
6103 6791
6104 5901
6105 5006
6106 8123
6107 7225
6108 6315
6109 5413
6110 7489
6111 6593
6112 5697
6113 4787
6114 7492
6115 6584
6116 5686
6117 4770
6118 7275
6119 6381
6120 5471
6121 4575
6122 6590
6123 5746
6124 4862
6125 7957
6126 7103
6127 6262
6128 5423
6129 7608
6130 6765
6131 5926
6132 5090
6133 4252
6134 6313
6135 5472
6136 4637
6137 7792
6138 6946
6139 6143
6140 5267
6141 7413
6142 6578
6143 5742
6144 4907
6145 7102
6146 6269
6147 5434
6148 4599
6149 7634
6150 6799
6151 5962
6152 5125
6153 7351
6154 6518
6155 5682
6156 4847
6157 7946
6158 7112
6159 6277
6160 5447
6161 7766
6162 6931
6163 6096
6164 5267
6165 4429
6166 7365
6167 6531
6168 5696
6169 7992
6170 7158
6171 6322
6172 5487
6173 4648
6174 6775
6175 5940
6176 5077
6177 4226
6178 6288
6179 5451
6180 4616
6181 6946
6182 6112
6183 5279
6184 4444
6185 6488
6186 5655
6187 4817
6188 8029
6189 7136
6190 6289
6191 5451
6192 8648
6193 7814
6194 6977
6195 6136
6196 5301
6197 7415
6198 6581
6199 5745
6200 4910
6201 8024
6202 7191
6203 6354
6204 5521
6205 7791
6206 6956
6207 6120
6208 5285
6209 4449
6210 6437
6211 5602
6212 4766
6213 7990
6214 7157
6215 6328
6216 5490
6217 8687
6218 7843
6219 7004
6220 6181
6221 5311
6222 8369
6223 7521
6224 6681
6225 5846
6226 8140
6227 7308
6228 6467
6229 5628
6230 4799
6231 7773
6232 6935
6233 6051
6234 5167
6235 7335
6236 6495
6237 5654
6238 4822
6239 7968
6240 7140
6241 6260
6242 5408
6243 7575
6244 6718
6245 5875
6246 5044
6247 4215
6248 6204
6249 5314
6250 4377
6251 6534
6252 5707
6253 4815
6254 8625
6255 7725
6256 6816
6257 5920
6258 8477
6259 7580
6260 6681
6261 5812
6262 4960
6263 6957
6264 6093
6265 5196
6266 4299
6267 6468
6268 5571
6269 4672
6270 7746
6271 6872
6272 6014
6273 5168
6274 7276
6275 6396
6276 5497
6277 4596
6278 6615
6279 5751
6280 4848
6281 7031
6282 6129
6283 5233
6284 4333
6285 6341
6286 5445
6287 4547
6288 6750
6289 5882
6290 5032
6291 4125
6292 6137
6293 5237
6294 4369
6295 6555
6296 5719
6297 4889
6298 4058
6299 6733
6300 5856
6301 4990
6302 7626
6303 6786
6304 5948
6305 5111
6306 7260
6307 6420
6308 5583
6309 4742
6310 6865
6311 6022
6312 5186
6313 4371
6314 6453
6315 5610
6316 4774
6317 8009
6318 7176
6319 6340
6320 5506
6321 8723
6322 7885
6323 7048
6324 6212
6325 5373
6326 7594
6327 6759
6328 5923
6329 5095
6330 4261
6331 7243
6332 6392
6333 5552
6334 8783
6335 7949
6336 7113
6337 6290
6338 5454
6339 7608
6340 6766
6341 5915
6342 5078
6343 4243
6344 6231
6345 5395
6346 4560
6347 6828
6348 5992
6349 5158
6350 4329
6351 6403
6352 5561
6353 4703
6354 7893
6355 7061
6356 6208
6357 5380
6358 7644
6359 6815
6360 5985
6361 5153
6362 4328
6363 6260
6364 5430
6365 4597
6366 6829
6367 5933
6368 5031
6369 4172
6370 6206
6371 5309
6372 4413
6373 6423
6374 5519
6375 4620
6376 6801
6377 5927
6378 5009
6379 4138
6380 6195
6381 5301
6382 4404
6383 6637
6384 5733
6385 4851
6386 7828
6387 6917
6388 6018
6389 5116
6390 7255
6391 6348
6392 5427
6393 4522
6394 6532
6395 5651
6396 4737
6397 6859
6398 5959
6399 5066
6400 4187
6401 6213
6402 5317
6403 4412
6404 6511
6405 5604
6406 4687
6407 7820
6408 6921
6409 6022
6410 5128
6411 7301
6412 6408
6413 5509
6414 4608
6415 6618
6416 5723
6417 4825
6418 6978
6419 6083
6420 5186
6421 4287
6422 6247
6423 5350
6424 4454
6425 7507
6426 6611
6427 5713
6428 7973
6429 7074
6430 6179
6431 5296
6432 4398
6433 6391
6434 5496
6435 4598
6436 7698
6437 6805
6438 5909
6439 8164
6440 7266
6441 6368
6442 5472
6443 4572
6444 7568
6445 6669
6446 5773
6447 7954
6448 7059
6449 6151
6450 5253
6451 4357
6452 6372
6453 5470
6454 4577
6455 7614
6456 6715
6457 5817
6458 9628
6459 8729
6460 7831
6461 6930
6462 6080
6463 8672
6464 7791
6465 6897
6466 5997
6467 5097
6468 7114
6469 6263
6470 5431
6471 4549
6472 6558
6473 5667
6474 4771
6475 6930
6476 6061
6477 5160
6478 4158
6479 7164
6480 6267
6481 5417
6482 7653
6483 6748
6484 5845
6485 4944
6486 8029
6487 7133
6488 6235
6489 5337
6490 7397
6491 6538
6492 5705
6493 4869
6494 7224
6495 6395
6496 5567
6497 4724
6498 7575
6499 6677
6500 5776
6501 4895
6502 7041
6503 6205
6504 5370
6505 4555
6506 6679
6507 5846
6508 5012
6509 4175
6510 6443
6511 5612
6512 4777
6513 6850
6514 6016
6515 5184
6516 4350
6517 6470
6518 5633
6519 4797
6520 7977
6521 7146
6522 6288
6523 5417
6524 7693
6525 6845
6526 6012
6527 5139
6528 4258
6529 7095
6530 6199
6531 5252
6532 7465
6533 6612
6534 5763
6535 4896
6536 8045
6537 7211
6538 6364
6539 5508
6540 7782
6541 6949
6542 6119
6543 5237
6544 4337
6545 6218
6546 5320
6547 4420
6548 7512
6549 6613
6550 5714
6551 7996
6552 7100
6553 6204
6554 5307
6555 4408
6556 6368
6557 5514
6558 4627
6559 7701
6560 6794
6561 5897
6562 8158
6563 7259
6564 6361
6565 5480
6566 4588
6567 7476
6568 6572
6569 5668
6570 7916
6571 7020
6572 6122
6573 5220
6574 4324
6575 6299
6576 5389
6577 4492
6578 6527
6579 5630
6580 4723
6581 6884
6582 5979
6583 5081
6584 4181
6585 6264
6586 5368
6587 4458
6588 7489
6589 6579
6590 5681
6591 7982
6592 7077
6593 6173
6594 5322
6595 4487
6596 8065
6597 7233
6598 6402
6599 9025
6600 8127
6601 7228
6602 6331
6603 5439
6604 7323
6605 6425
6606 5528
6607 4629
6608 7562
6609 6663
6610 5768
6611 9041
6612 8141
6613 7247
6614 6349
6615 5472
6616 7451
6617 6556
6618 5659
6619 4762
6620 6862
6621 5969
6622 5067
6623 4168
6624 6272
6625 5401
6626 4491
6627 7524
6628 6618
6629 5710
6630 7976
6631 7078
6632 6179
6633 5280
6634 4384
6635 6325
6636 5410
6637 4511
6638 7620
6639 6731
6640 5834
6641 8020
6642 7122
6643 6224
6644 5322
6645 4425
6646 6403
6647 5499
6648 4603
6649 7796
6650 6903
6651 6005
6652 5104
6653 7210
6654 6314
6655 5465
6656 4580
6657 7559
6658 6669
6659 5757
6660 7977
6661 7078
6662 5910
6663 4981
6664 7123
6665 6207
6666 5298
6667 4385
6668 6315
6669 5446
6670 4579
6671 6694
6672 5790
6673 4878
6674 8012
6675 7114
6676 6206
6677 5308
6678 7380
6679 6484
6680 5585
6681 4686
6682 6688
6683 5788
6684 4882
6685 8049
6686 6902
6687 6003
6688 5155
6689 7367
6690 6460
6691 5582
6692 4717
6693 6858
6694 5973
6695 5080
6696 4184
6697 7207
6698 6337
6699 5491
6700 7706
6701 6824
6702 5922
6703 5038
6704 8161
6705 7250
6706 6395
6707 5514
6708 7722
6709 6889
6710 6058
6711 5179
6712 4276
6713 6228
6714 5328
6715 4428
6716 7518
6717 6621
6718 5740
6719 9024
6720 8128
6721 7219
6722 6317
6723 5417
6724 7416
6725 6517
6726 5618
6727 4720
6728 6774
6729 5863
6730 4962
6731 7126
6732 6239
6733 5337
6734 4439
6735 7377
6736 6476
6737 5571
6738 7905
6739 7006
6740 6102
6741 5200
6742 4302
6743 6291
6744 5394
6745 4491
6746 7461
6747 6568
6748 5681
6749 8125
6750 7239
6751 6364
6752 5509
6753 4615
6754 6330
6755 5440
6756 4545
6757 6598
6758 5731
6759 4824
6760 7031
6761 6165
6762 5312
6763 4478
6764 6541
6765 5660
6766 4766
6767 6993
6768 6100
6769 5210
6770 4311
6771 6306
6772 5414
6773 4496
6774 6637
6775 5746
6776 4875
6777 7988
6778 7084
6779 6186
6780 5294
6781 7454
6782 6557
6783 5661
6784 4768
6785 6871
6786 5972
6787 5081
6788 4185
6789 6120
6790 5223
6791 4316
6792 6510
6793 5612
6794 4711
6795 9451
6796 8555
6797 7658
6798 6759
6799 9415
6800 8518
6801 7619
6802 6720
6803 5810
6804 4933
6805 7854
6806 6956
6807 6058
6808 5161
6809 8212
6810 7313
6811 6416
6812 5522
6813 7717
6814 6864
6815 5980
6816 5101
6817 4250
6818 6218
6819 5342
6820 4482
6821 6580
6822 5750
6823 4868
6824 8066
6825 7172
6826 6273
6827 5377
6828 7535
6829 6641
6830 5743
6831 4845
6832 6893
6833 5976
6834 5074
6835 4175
6836 6180
6837 5292
6838 4394
6839 6499
6840 5649
6841 4751
6842 6890
6843 5995
6844 5099
6845 4184
6846 6243
6847 5344
6848 4445
6849 6542
6850 5644
6851 4802
6852 7955
6853 7057
6854 6158
6855 5299
6856 7350
6857 6441
6858 5542
6859 4642
6860 6717
6861 5866
6862 5026
6863 4198
6864 6235
6865 5379
6866 4542
6867 6763
6868 5906
6869 5053
6870 4195
6871 6220
6872 5363
6873 4491
6874 6626
6875 5765
6876 4916
6877 8041
6878 7141
6879 6233
6880 5357
6881 7446
6882 6543
6883 5655
6884 4811
6885 7006
6886 6161
6887 5279
6888 4404
6889 6384
6890 5484
6891 4579
6892 6737
6893 5840
6894 4943
6895 8077
6896 7179
6897 6308
6898 5405
6899 7454
6900 6561
6901 5664
6902 4768
6903 6928
6904 6034
6905 5133
6906 4252
6907 7285
6908 6449
6909 5616
6910 7891
6911 7064
6912 6236
6913 5422
6914 4592
6915 6632
6916 5800
6917 4909
6918 8145
6919 7287
6920 6436
6921 5585
6922 7706
6923 6802
6924 5953
6925 5121
6926 4239
6927 6160
6928 5249
6929 4387
6930 6660
6931 5842
6932 5026
6933 4245
6934 6893
6935 6082
6936 5249
6937 8019
6938 7203
6939 6388
6940 5569
6941 4754
6942 6853
6943 6040
6944 5226
6945 4412
6946 6644
6947 5830
6948 4949
6949 7946
6950 7050
6951 6165
6952 5254
6953 7397
6954 6499
6955 5601
6956 4702
6957 6718
6958 5819
6959 4921
6960 8101
6961 7203
6962 6304
6963 5398
6964 7463
6965 6567
6966 5670
6967 4713
6968 6805
6969 5907
6970 5003
6971 4105
6972 6117
6973 5217
6974 4317
6975 6412
6976 5532
6977 4634
6978 6818
6979 5913
6980 5012
6981 4151
6982 7130
6983 6230
6984 5335
6985 7529
6986 6626
6987 5750
6988 4886
6989 7906
6990 7014
6991 6114
6992 5215
6993 7364
6994 6463
6995 5566
6996 4694
6997 6743
6998 5854
6999 5003
7000 4213
7001 7102
7002 6195
7003 5297
7004 7540
7005 6653
7006 5784
7007 4879
7008 6925
7009 6032
7010 5129
7011 4259
7012 6243
7013 5370
7014 4504
7015 6652
7016 5754
7017 4857
7018 7036
7019 6133
7020 5234
7021 4364
7022 7281
7023 6385
7024 5487
7025 7695
7026 6794
7027 5911
7028 5011
7029 7096
7030 6196
7031 5298
7032 4380
7033 7394
7034 6475
7035 5577
7036 7862
7037 6964
7038 6065
7039 5182
7040 4278
7041 7145
7042 6244
7043 5371
7044 7732
7045 6886
7046 6052
7047 5222
7048 4335
7049 7176
7050 6270
7051 5387
7052 7827
7053 6990
7054 6158
7055 5276
7056 4421
7057 6326
7058 5484
7059 4650
7060 7819
7061 6916
7062 6040
7063 5178
7064 7349
7065 6519
7066 5696
7067 4881
7068 8591
7069 7731
7070 6869
7071 6077
7072 8774
7073 7946
7074 7118
7075 6300
7076 5504
7077 4656
7078 6620
7079 5789
7080 4969
7081 4188
7082 6240
7083 5415
7084 4597
7085 6837
7086 6022
7087 5194
7088 4402
7089 6554
7090 5729
7091 4909
7092 4088
7093 6208
7094 5379
7095 4558
7096 7802
7097 6983
7098 6164
7099 5351
7100 8643
7101 7797
7102 6970
7103 6152
7104 5304
7105 7247
7106 6368
7107 5542
7108 4725
7109 6822
7110 5901
7111 5061
7112 4275
7113 6365
7114 5491
7115 4604
7116 7754
7117 6883
7118 6026
7119 5174
7120 8266
7121 7403
7122 6543
7123 5707
7124 7917
7125 7035
7126 6183
7127 5276
7128 4379
7129 6350
7130 5446
7131 4546
7132 7596
7133 6692
7134 5793
7135 8044
7136 7146
7137 6247
7138 5404
7139 4545
7140 7473
7141 6577
7142 5667
7143 7972
7144 7130
7145 6245
7146 5342
7147 4444
7148 6421
7149 5551
7150 4657
7151 7813
7152 6915
7153 6015
7154 5113
7155 7214
7156 6315
7157 5413
7158 4513
7159 6514
7160 5611
7161 4702
7162 7886
7163 7043
7164 6213
7165 5386
7166 7437
7167 6562
7168 5718
7169 4913
7170 7054
7171 6180
7172 5306
7173 4507
7174 7593
7175 6765
7176 5934
7177 5079
7178 7196
7179 6336
7180 5451
7181 4557
7182 6497
7183 5597
7184 4712
7185 6951
7186 6101
7187 5264
7188 4383
7189 6444
7190 5548
7191 4649
7192 6812
7193 5916
7194 5015
7195 4153
7196 7121
7197 6183
7198 5284
7199 7424
7200 6527
7201 5628
7202 4754
7203 6861
7204 5960
7205 5037
7206 4161
7207 7087
7208 6191
7209 5280
7210 7509
7211 6615
7212 5750
7213 4845
7214 7876
7215 6979
7216 6151
7217 5255
7218 7277
7219 6381
7220 5571
7221 4674
7222 7645
7223 6742
7224 5841
7225 8161
7226 7215
7227 6345
7228 5504
7229 4663
7230 7715
7231 6876
7232 6023
7233 5182
7234 7297
7235 6416
7236 5565
7237 4760
7238 6868
7239 5962
7240 5055
7241 4146
7242 6194
7243 5325
7244 4466
7245 7626
7246 6777
7247 5878
7248 8149
7249 7255
7250 6381
7251 5484
7252 4587
7253 7474
7254 6571
7255 5676
7256 7983
7257 7149
7258 6314
7259 5465
7260 4620
7261 6630
7262 5758
7263 4861
7264 8201
7265 7307
7266 6396
7267 5548
7268 7532
7269 6651
7270 5750
7271 4854
7272 6988
7273 6072
7274 5207
7275 4363
7276 7467
7277 6595
7278 5719
7279 7882
7280 7025
7281 6172
7282 5313
7283 4461
7284 6418
7285 5524
7286 4614
7287 6951
7288 6088
7289 5316
7290 4454
7291 7338
7292 6479
7293 5609
7294 8834
7295 7936
7296 7037
7297 6177
7298 5320
7299 7272
7300 6376
7301 5503
7302 4655
7303 6659
7304 5764
7305 4868
7306 6991
7307 6091
7308 5196
7309 4341
7310 6370
7311 5470
7312 4563
7313 7604
7314 6684
7315 5806
7316 8342
7317 7480
7318 6637
7319 5804
7320 4918
7321 6581
7322 5689
7323 4792
7324 6912
7325 5989
7326 5114
7327 4301
7328 7310
7329 6462
7330 5595
7331 7907
7332 7071
7333 6242
7334 5425
7335 4599
7336 7558
7337 6687
7338 5817
7339 9097
7340 8241
7341 7399
7342 6584
7343 5702
7344 7843
7345 7006
7346 6172
7347 5327
7348 4447
7349 6371
7350 5469
7351 4561
7352 7707
7353 6805
7354 5921
7355 5082
7356 8118
7357 7256
7358 6414
7359 5626
7360 7862
7361 6964
7362 6102
7363 5203
7364 4273
7365 6201
7366 5292
7367 4392
7368 7457
7369 6606
7370 5750
7371 8148
7372 7264
7373 6334
7374 5432
7375 4561
7376 7469
7377 6599
7378 5687
7379 8005
7380 7171
7381 6352
7382 5503
7383 4646
7384 6512
7385 5665
7386 4780
7387 6945
7388 6049
7389 5148
7390 4288
7391 6374
7392 5536
7393 4698
7394 6931
7395 6065
7396 5280
7397 4120
7398 7070
7399 6233
7400 5387
7401 7647
7402 6746
7403 5935
7404 5095
7405 4245
7406 7165
7407 6325
7408 5487
7409 10383
7410 9549
7411 8710
7412 7875
7413 7039
7414 9620
7415 8723
7416 7851
7417 6980
7418 6071
7419 5182
7420 7118
7421 6222
7422 5323
7423 4433
7424 6473
7425 5518
7426 4616
7427 7771
7428 6886
7429 6072
7430 5184
7431 7251
7432 6349
7433 5532
7434 4620
7435 6608
7436 5710
7437 4811
7438 8009
7439 7141
7440 6265
7441 5414
7442 6995
7443 6097
7444 5217
7445 4355
7446 6330
7447 5462
7448 4566
7449 6743
7450 5867
7451 4993
7452 4143
7453 6204
7454 5305
7455 4228
7456 6355
7457 5490
7458 4595
7459 7620
7460 6721
7461 5821
7462 8113
7463 7215
7464 6365
7465 5462
7466 4597
7467 7475
7468 6621
7469 5756
7470 7947
7471 7049
7472 6201
7473 5294
7474 4395
7475 6291
7476 5397
7477 4493
7478 6620
7479 5737
7480 4838
7481 6960
7482 6061
7483 5210
7484 4308
7485 6335
7486 5467
7487 4570
7488 7578
7489 6663
7490 5763
7491 8063
7492 7166
7493 6303
7494 5405
7495 4506
7496 7338
7497 6423
7498 5544
7499 7819
7500 6918
7501 6015
7502 5106
7503 4195
7504 6185
7505 5311
7506 4450
7507 7505
7508 6604
7509 5721
7510 8060
7511 7203
7512 6344
7513 5526
7514 4667
7515 7646
7516 6807
7517 5943
7518 5093
7519 7260
7520 6370
7521 5554
7522 4655
7523 6590
7524 5697
7525 4805
7526 6976
7527 6095
7528 5150
7529 4287
7530 6290
7531 5424
7532 4588
7533 7685
7534 6791
7535 5940
7536 5039
7537 7157
7538 6270
7539 5399
7540 4492
7541 6535
7542 5635
7543 4737
7544 7891
7545 7016
7546 6107
7547 5211
7548 7362
7549 6465
7550 5620
7551 4752
7552 7698
7553 6796
7554 5953
7555 5050
7556 7151
7557 6255
7558 5348
7559 4478
7560 6567
7561 5667
7562 4811
7563 6968
7564 6079
7565 5226
7566 4332
7567 7323
7568 6339
7569 5475
7570 7671
7571 6765
7572 5902
7573 5006
7574 8035
7575 7139
7576 6294
7577 5393
7578 7467
7579 6565
7580 5722
7581 4802
7582 6895
7583 6042
7584 5217
7585 4366
7586 7386
7587 6510
7588 5634
7589 8887
7590 8039
7591 7245
7592 6404
7593 5560
7594 7724
7595 6880
7596 6041
7597 5253
7598 4419
7599 7378
7600 6548
7601 5714
7602 8021
7603 7193
7604 6355
7605 5526
7606 4696
7607 6764
7608 5936
7609 5104
7610 4210
7611 6320
7612 5484
7613 4641
7614 8412
7615 7514
7616 6608
7617 5746
7618 8390
7619 7555
7620 6703
7621 5858
7622 5018
7623 7022
7624 6176
7625 5375
7626 4532
7627 6828
7628 5988
7629 5128
7630 4270
7631 7168
7632 6312
7633 5455
7634 8732
7635 7868
7636 7058
7637 6215
7638 5377
7639 7414
7640 6578
7641 5802
7642 4944
7643 7053
7644 6212
7645 5374
7646 4524
7647 6481
7648 5615
7649 4735
7650 7005
7651 6120
7652 5267
7653 4400
7654 7441
7655 6601
7656 5765
7657 9005
7658 8121
7659 7216
7660 6303
7661 5444
7662 7531
7663 6699
7664 5788
7665 4964
7666 7094
7667 6238
7668 5348
7669 4545
7670 6660
7671 5816
7672 4964
7673 4138
7674 7146
7675 6308
7676 5460
7677 7780
7678 6929
7679 6100
7680 5249
7681 4392
7682 7314
7683 6473
7684 5633
7685 7959
7686 7114
7687 6317
7688 5479
7689 4639
7690 7603
7691 6767
7692 5974
7693 5139
7694 7249
7695 6396
7696 5553
7697 4713
7698 6869
7699 6005
7700 5220
7701 4383
7702 6447
7703 5609
7704 4773
7705 6960
7706 6109
7707 5268
7708 4431
7709 6523
7710 5690
7711 4853
7712 8063
7713 7223
7714 6431
7715 5593
7716 7817
7717 6980
7718 6143
7719 5305
7720 4467
7721 6441
7722 5605
7723 4773
7724 7012
7725 6176
7726 5379
7727 4542
7728 6590
7729 5630
7730 4762
7731 7980
7732 7139
7733 6302
7734 5452
7735 7693
7736 6839
7737 5978
7738 5122
7739 4269
7740 6266
7741 5428
7742 4576
7743 7927
7744 7091
7745 6320
7746 5473
7747 8487
7748 7644
7749 6749
7750 5884
7751 5026
7752 7089
7753 6229
7754 5485
7755 4629
7756 7622
7757 6774
7758 5884
7759 8186
7760 7290
7761 6413
7762 5561
7763 4710
7764 7728
7765 6890
7766 6036
7767 5196
7768 7302
7769 6402
7770 5535
7771 4609
7772 6712
7773 5857
7774 5021
7775 4227
7776 7202
7777 6333
7778 5495
7779 7815
7780 6987
7781 6046
7782 4951
7783 7959
7784 7018
7785 6120
7786 5224
7787 7325
7788 6429
7789 5531
7790 4635
7791 6604
7792 5706
7793 4822
7794 7986
7795 7073
7796 6219
7797 5382
7798 7497
7799 6667
7800 5829
7801 4927
7802 7037
7803 6140
7804 5266
7805 4401
7806 6392
7807 5488
7808 4654
7809 6788
7810 5881
7811 4984
7812 4090
7813 6417
7814 5522
7815 4655
7816 7654
7817 6813
7818 5953
7819 5111
7820 7256
7821 6376
7822 5498
7823 4598
7824 6658
7825 5760
7826 4857
7827 7994
7828 7097
7829 6196
7830 5350
7831 7526
7832 6686
7833 5811
7834 4909
7835 7927
7836 7029
7837 6126
7838 5226
7839 7309
7840 6357
7841 5439
7842 4535
7843 6562
7844 5566
7845 4527
7846 6628
7847 5740
7848 4837
7849 7085
7850 6213
7851 5355
7852 4487
7853 6652
7854 5822
7855 4992
7856 4110
7857 7232
7858 6340
7859 5433
7860 8610
7861 7753
7862 6912
7863 6020
7864 5135
7865 8093
7866 7239
7867 6350
7868 5482
7869 7671
7870 6776
7871 5903
7872 5054
7873 4236
7874 6310
7875 5428
7876 4572
7877 7682
7878 6791
7879 5884
7880 8086
7881 7186
7882 6289
7883 5394
7884 4526
7885 6482
7886 5594
7887 4618
7888 6780
7889 5912
7890 5048
7891 4206
7892 6301
7893 5410
7894 4560
7895 6755
7896 5879
7897 5011
7898 4163
7899 7200
7900 6348
7901 5500
7902 8803
7903 7947
7904 7091
7905 6259
7906 5429
7907 7404
7908 6495
7909 5683
7910 4828
7911 6924
7912 6022
7913 5140
7914 4242
7915 6248
7916 5408
7917 4576
7918 6799
7919 5918
7920 5028
7921 4180
7922 6323
7923 5469
7924 4608
7925 7697
7926 6841
7927 5832
7928 8188
7929 7323
7930 6481
7931 5629
7932 4730
7933 6570
7934 5664
7935 4764
7936 7945
7937 7015
7938 6155
7939 5263
7940 7355
7941 6459
7942 5559
7943 4653
7944 6961
7945 6111
7946 5277
7947 4396
7948 7208
7949 6308
7950 5405
7951 7406
7952 6525
7953 5651
7954 4793
7955 7887
7956 7048
7957 6160
7958 5257
7959 8025
7960 7155
7961 6305
7962 5471
7963 8108
7964 7281
7965 6453
7966 5668
7967 4838
7968 7806
7969 6978
7970 6150
7971 5333
7972 7553
7973 6725
7974 5897
7975 4953
7976 7996
7977 7099
7978 6201
7979 5303
7980 7392
7981 6495
7982 5598
7983 4699
7984 6833
7985 5935
7986 5031
7987 4199
7988 7170
7989 6344
7990 5525
7991 7890
7992 7075
7993 6261
7994 5447
7995 4633
7996 6759
7997 5939
7998 5117
7999 4322
8000 7377
8001 6564
8002 5750
8003 9169
8004 8357
8005 7550
8006 6730
8007 5913
8008 8031
8009 7217
8010 6442
8011 5618
8012 4801
8013 7795
8014 6981
8015 6154
8016 5333
8017 7690
8018 6844
8019 5986
8020 5100
8021 7069
8022 6173
8023 5240
8024 4341
8025 6287
8026 5393
8027 4497
8028 6595
8029 5722
8030 4847
8031 6979
8032 6113
8033 5253
8034 4429
8035 6433
8036 5592
8037 4756
8038 7051
8039 6222
8040 5392
8041 4541
8042 7672
8043 6789
8044 5925
8045 5085
8046 7194
8047 6287
8048 5384
8049 4530
8050 6566
8051 5673
8052 4715
8053 7797
8054 6899
8055 6035
8056 5133
8057 7266
8058 6371
8059 5472
8060 4610
8061 7718
8062 6852
8063 6007
8064 5171
8065 7184
8066 6286
8067 5435
8068 4560
8069 6647
8070 5783
8071 4889
8072 7969
8073 7104
8074 6307
8075 5468
8076 7636
8077 6761
8078 5895
8079 5060
8080 4204
8081 7181
8082 6325
8083 5268
8084 7520
8085 6633
8086 5640
8087 4806
8088 7919
8089 7089
8090 6259
8091 5455
8092 7674
8093 6834
8094 5987
8095 5134
8096 4279
8097 8835
8098 7924
8099 7092
8100 9912
8101 9063
8102 8229
8103 7399
8104 6546
8105 5695
8106 4846
8107 6810
8108 5937
8109 5075
8110 4224
8111 6313
8112 5470
8113 4607
8114 8223
8115 7358
8116 6501
8117 5612
8118 7351
8119 6482
8120 5607
8121 4742
8122 7716
8123 6859
8124 5997
8125 5155
8126 7356
8127 6510
8128 5599
8129 4728
8130 7815
8131 6968
8132 6072
8133 5171
8134 7381
8135 6498
8136 5598
8137 4711
8138 7745
8139 6873
8140 6025
8141 5202
8142 8352
8143 7500
8144 6656
8145 5804
8146 7995
8147 7165
8148 6382
8149 5542
8150 4703
8151 7702
8152 6872
8153 6043
8154 5239
8155 7417
8156 6578
8157 5727
8158 4834
8159 7951
8160 7115
8161 6335
8162 5497
8163 7646
8164 6814
8165 5984
8166 5212
8167 4349
8168 6301
8169 5398
8170 4499
8171 6619
8172 5588
8173 4652
8174 6772
8175 5872
8176 4971
8177 4073
8178 6155
8179 5257
8180 4357
8181 7420
8182 6523
8183 5622
8184 7932
8185 7016
8186 6120
8187 5221
8188 4311
8189 6170
8190 5276
8191 4375
8192 6537
8193 5672
8194 4822
8195 7010
8196 6156
8197 5314
8198 4481
8199 6640
8200 5810
8201 4980
8202 4143
8203 6332
8204 5503
8205 4724
8206 7769
8207 6921
8208 6079
8209 5220
8210 7356
8211 6511
8212 5653
8213 4816
8214 7029
8215 6197
8216 5321
8217 4483
8218 7593
8219 6764
8220 5934
8221 5155
8222 8215
8223 7366
8224 6526
8225 5703
8226 7910
8227 7081
8228 6251
8229 5415
8230 4594
8231 6697
8232 5869
8233 5040
8234 4212
8235 7270
8236 6443
8237 5591
8238 7911
8239 7076
8240 6246
8241 5418
8242 4580
8243 6617
8244 5785
8245 4962
8246 4174
8247 7177
8248 6338
8249 5486
8250 7754
8251 6921
8252 6120
8253 5289
8254 4462
8255 6478
8256 5630
8257 4794
8258 7988
8259 7148
8260 6360
8261 5511
8262 7629
8263 6735
8264 5880
8265 4974
8266 7941
8267 7029
8268 6170
8269 5271
8270 7326
8271 6471
8272 5622
8273 4723
8274 7718
8275 6770
8276 5871
8277 8161
8278 7250
8279 6347
8280 5450
8281 4551
8282 7496
8283 6596
8284 5698
8285 8904
8286 8007
8287 7107
8288 6208
8289 5337
8290 7392
8291 6531
8292 5692
8293 4836
8294 7955
8295 7087
8296 6155
8297 5282
8298 7436
8299 6578
8300 5722
8301 4863
8302 7018
8303 6160
8304 5258
8305 4361
8306 7914
8307 7005
8308 6169
8309 8796
8310 7923
8311 7027
8312 6132
8313 5230
8314 7256
8315 6359
8316 5511
8317 4615
8318 6815
8319 5912
8320 4999
8321 8072
8322 7178
8323 6269
8324 5364
8325 7414
8326 6549
8327 5619
8328 4738
8329 7733
8330 6818
8331 5921
8332 9101
8333 8204
8334 7307
8335 6406
8336 5542
8337 7718
8338 6829
8339 5955
8340 5104
8341 4271
8342 6234
8343 5365
8344 4472
8345 6591
8346 5697
8347 4798
8348 7993
8349 7098
8350 6213
8351 5305
8352 7376
8353 6482
8354 5587
8355 4693
8356 6808
8357 5902
8358 5061
8359 4242
8360 6346
8361 5527
8362 4713
8363 6926
8364 6027
8365 5129
8366 4233
8367 7252
8368 6367
8369 5548
8370 7903
8371 7064
8372 6228
8373 5374
8374 4505
8375 6412
8376 5516
8377 4608
8378 7701
8379 6795
8380 5882
8381 8047
8382 7154
8383 6302
8384 5446
8385 4602
8386 6700
8387 5869
8388 5082
8389 4235
8390 7227
8391 6377
8392 5546
8393 7955
8394 7075
8395 6204
8396 5334
8397 4469
8398 7335
8399 6449
8400 5595
8401 7801
8402 6894
8403 6042
8404 5144
8405 4247
8406 6178
8407 5277
8408 4379
8409 7519
8410 6619
8411 5727
8412 7959
8413 7041
8414 6095
8415 5193
8416 4295
8417 6246
8418 5344
8419 4477
8420 7539
8421 6707
8422 5825
8423 8105
8424 7239
8425 6329
8426 5427
8427 4544
8428 6405
8429 5516
8430 4617
8431 6949
8432 6053
8433 5191
8434 4302
8435 7240
8436 6362
8437 5490
8438 11273
8439 10431
8440 9565
8441 8667
8442 7770
8443 10457
8444 9562
8445 8694
8446 7827
8447 6983
8448 6114
8449 5279
8450 4456
8451 7251
8452 6349
8453 5485
8454 4699
8455 6772
8456 5916
8457 5081
8458 4171
8459 7195
8460 6363
8461 5528
8462 7853
8463 6957
8464 6061
8465 5224
8466 4328
8467 6275
8468 5369
8469 4472
8470 6574
8471 5661
8472 4732
8473 6892
8474 5996
8475 5188
8476 4291
8477 7152
8478 6283
8479 5381
8480 7634
8481 6735
8482 5800
8483 4901
8484 6981
8485 6092
8486 5157
8487 4266
8488 6262
8489 5367
8490 4512
8491 6751
8492 5921
8493 5090
8494 4213
8495 6275
8496 5418
8497 4529
8498 6709
8499 5811
8500 4912
8501 6987
8502 6090
8503 5212
8504 4339
8505 6398
8506 5453
8507 4554
8508 7563
8509 6662
8510 5750
8511 8035
8512 7133
8513 6233
8514 5336
8515 4438
8516 6375
8517 5478
8518 4607
8519 6711
8520 5813
8521 4923
8522 7044
8523 6140
8524 5243
8525 4346
8526 6345
8527 5350
8528 4452
8529 6676
8530 5850
8531 5052
8532 4218
8533 6266
8534 5410
8535 4550
8536 7816
8537 6960
8538 6097
8539 5230
8540 7326
8541 6471
8542 5615
8543 4757
8544 7053
8545 6179
8546 5360
8547 4504
8548 7356
8549 6501
8550 5624
8551 8841
8552 7991
8553 7086
8554 6172
8555 5274
8556 7347
8557 6450
8558 5555
8559 4653
8560 7597
8561 6659
8562 5762
8563 8027
8564 7127
8565 6228
8566 5165
8567 4258
8568 7227
8569 6343
8570 5468
8571 7777
8572 6933
8573 6092
8574 5256
8575 4421
8576 6414
8577 5577
8578 4686
8579 7829
8580 6931
8581 6070
8582 5171
8583 7205
8584 6299
8585 5401
8586 4536
8587 6617
8588 5754
8589 4895
8590 7974
8591 7072
8592 6236
8593 5339
8594 7386
8595 6529
8596 5693
8597 4785
8598 6861
8599 5946
8600 5063
8601 4200
8602 7166
8603 6267
8604 5403
8605 7574
8606 6674
8607 5776
8608 4896
8609 7961
8610 7067
8611 6170
8612 5325
8613 8332
8614 7433
8615 6530
8616 5666
8617 7774
8618 6866
8619 6027
8620 5129
8621 4226
8622 6159
8623 5258
8624 4354
8625 6526
8626 5629
8627 4731
8628 7853
8629 6997
8630 6110
8631 5244
8632 7304
8633 6407
8634 5522
8635 4640
8636 6703
8637 5801
8638 4903
8639 7088
8640 6192
8641 5295
8642 4396
8643 9008
8644 8111
8645 7213
8646 9906
8647 9001
8648 8132
8649 7234
8650 6354
8651 5453
8652 7473
8653 6568
8654 5667
8655 4762
8656 7769
8657 6912
8658 6103
8659 5250
8660 8317
8661 7490
8662 6698
8663 5864
8664 8187
8665 7354
8666 6523
8667 5693
8668 4864
8669 7844
8670 6983
8671 6122
8672 5300
8673 7584
8674 6736
8675 5900
8676 5065
8677 4236
8678 7173
8679 6278
8680 5382
8681 7678
8682 6782
8683 5924
8684 5080
8685 4236
8686 6172
8687 5333
8688 4499
8689 6860
8690 6031
8691 5202
8692 4374
8693 7364
8694 6537
8695 5704
8696 8042
8697 7214
8698 6382
8699 5552
8700 4656
8701 6562
8702 5693
8703 4790
8704 6998
8705 6103
8706 5209
8707 4310
8708 6386
8709 5490
8710 4610
8711 7718
8712 6848
8713 6038
8714 5202
8715 8314
8716 7485
8717 6701
8718 5870
8719 8109
8720 7280
8721 6508
8722 5679
8723 4851
8724 7860
8725 7002
8726 6167
8727 5333
8728 7420
8729 6533
8730 5675
8731 4778
8732 7814
8733 6907
8734 6052
8735 5151
8736 7229
8737 6333
8738 5435
8739 4596
8740 6572
8741 5675
8742 4778
8743 6876
8744 5975
8745 5068
8746 4165
8747 6298
8748 5400
8749 4503
8750 7519
8751 6617
8752 5716
8753 8031
8754 7125
8755 6229
8756 5334
8757 4434
8758 6350
8759 5448
8760 4540
8761 7680
8762 6822
8763 5976
8764 5198
8765 8269
8766 7435
8767 6622
8768 5773
8769 8088
8770 7244
8771 6392
8772 5546
8773 4710
8774 6765
8775 5934
8776 5104
8777 4273
8778 7317
8779 6488
8780 5664
8781 9546
8782 8718
8783 7885
8784 7072
8785 6232
8786 8792
8787 7880
8788 7027
8789 6194
8790 5298
8791 8264
8792 7366
8793 6463
8794 5586
8795 7794
8796 6947
8797 6143
8798 5296
8799 4427
8800 6346
8801 5514
8802 4684
8803 7035
8804 6208
8805 5378
8806 4542
8807 7608
8808 6779
8809 5941
8810 5101
8811 7301
8812 6471
8813 5631
8814 4796
8815 7931
8816 7074
8817 6221
8818 5376
8819 7527
8820 6674
8821 5866
8822 5017
8823 7131
8824 6298
8825 5494
8826 4622
8827 7603
8828 6706
8829 5808
8830 8062
8831 7162
8832 6266
8833 5369
8834 4469
8835 6470
8836 5568
8837 4669
8838 6837
8839 5937
8840 5040
8841 4132
8842 6137
8843 5269
8844 4372
8845 7361
8846 6458
8847 5555
8848 7817
8849 6924
8850 6086
8851 5188
8852 4291
8853 6231
8854 5341
8855 4440
8856 7525
8857 6631
8858 5733
8859 8027
8860 7129
8861 6229
8862 5333
8863 4430
8864 6390
8865 5536
8866 4687
8867 7878
8868 7040
8869 6204
8870 5364
8871 7576
8872 6745
8873 5902
8874 5118
8875 4281
8876 7150
8877 6315
8878 5479
8879 7891
8880 7051
8881 6231
8882 5395
8883 4558
8884 6495
8885 5648
8886 4824
8887 8025
8888 7187
8889 6350
8890 5519
8891 7751
8892 6917
8893 6079
8894 5243
8895 4398
8896 7384
8897 6550
8898 5713
8899 8061
8900 7223
8901 6373
8902 5532
8903 4694
8904 7694
8905 6846
8906 6001
8907 5203
8908 7344
8909 6513
8910 5677
8911 4840
8912 7047
8913 6219
8914 5322
8915 4462
8916 7452
8917 6617
8918 5754
8919 10661
8920 9832
8921 9003
8922 8186
8923 7356
8924 10108
8925 9280
8926 8449
8927 7623
8928 6794
8929 5964
8930 5135
8931 7111
8932 6246
8933 5378
8934 4493
8935 4295
8936 5620
8937 4789
8938 3959
8939 3943
8940 6108
8941 5251
8942 5385
8943 6639
8944 5754
8945 4857
8946 4862
8947 3961
8948 5104
8949 4207
8950 5136
8951 6343
8952 5445
8953 5631
8954 4731
8955 5917
8956 5074
8957 4239
8958 3404
8959 3351
8960 4594
8961 3698
8962 3730
8963 5919
8964 5023
8965 4125
8966 4076
8967 5335
8968 4439
8969 3541
8970 3504
8971 4613
8972 3717
8973 3786
8974 5036
8975 4151
8976 3240
8977 3284
8978 4382
8979 3484
8980 3491
8981 4717
8982 3835
8983 3890
8984 6049
8985 5153
8986 4252
8987 4207
8988 5488
8989 4592
8990 3696
8991 3665
8992 5863
8993 5026
8994 4194
8995 4225
8996 5543
8997 4702
8998 3870
8999 3948
9000 3051
9001 5069
9002 4170
9003 3340
9004 5651
9005 4739
9006 3841
9007 6856
9008 6022
9009 5141
9010 8316
9011 7419
9012 6523
9013 5626
9014 7813
9015 6912
9016 6042
9017 5139
9018 4242
9019 6139
9020 5248
9021 4351
9022 6429
9023 5530
9024 4633
9025 6840
9026 5936
9027 5040
9028 4144
9029 6160
9030 5308
9031 4469
9032 7637
9033 6787
9034 5953
9035 5124
9036 7356
9037 6527
9038 5701
9039 4867
9040 8006
9041 7176
9042 6297
9043 5398
9044 7468
9045 6571
9046 5674
9047 4773
9048 7862
9049 6972
9050 6120
9051 5287
9052 7438
9053 6600
9054 5759
9055 4914
9056 7094
9057 6213
9058 5358
9059 4516
9060 7591
9061 6754
9062 5919
9063 5085
9064 7284
9065 6450
9066 5614
9067 4783
9068 6989
9069 6161
9070 5327
9071 4491
9072 7618
9073 6786
9074 5948
9075 5109
9076 7301
9077 6469
9078 5636
9079 4801
9080 6917
9081 6089
9082 5255
9083 4423
9084 6630
9085 5798
9086 4965
9087 4133
9088 6236
9089 5406
9090 4571
9091 6835
9092 5987
9093 5160
9094 4329
9095 6379
9096 5546
9097 4713
9098 6962
9099 6077
9100 5210
9101 4373
9102 6413
9103 5575
9104 4742
9105 6973
9106 6143
9107 5311
9108 4479
9109 6636
9110 5802
9111 4964
9112 4142
9113 7216
9114 6374
9115 5539
9116 7920
9117 7088
9118 6256
9119 5424
9120 4594
9121 6560
9122 5692
9123 4837
9124 7035
9125 6206
9126 5369
9127 4532
9128 6744
9129 5910
9130 5060
9131 4223
9132 6827
9133 5985
9134 5128
9135 7814
9136 6977
9137 6144
9138 5313
9139 7571
9140 6729
9141 5878
9142 5041
9143 4208
9144 6188
9145 5351
9146 4506
9147 7745
9148 6906
9149 6057
9150 5218
9151 7352
9152 6508
9153 5672
9154 4799
9155 7932
9156 7097
9157 6262
9158 5429
9159 7664
9160 6831
9161 5996
9162 5166
9163 4325
9164 7257
9165 6396
9166 5543
9167 7906
9168 7063
9169 6208
9170 5357
9171 4505
9172 6501
9173 5657
9174 4809
9175 8001
9176 7161
9177 6321
9178 5485
9179 7721
9180 6882
9181 6045
9182 5198
9183 4359
9184 6352
9185 5517
9186 4686
9187 7891
9188 7050
9189 6224
9190 5389
9191 7641
9192 6798
9193 5959
9194 5119
9195 4282
9196 6332
9197 5496
9198 4642
9199 7852
9200 7023
9201 6188
9202 5355
9203 7595
9204 6771
9205 5940
9206 5114
9207 4281
9208 6310
9209 5471
9210 4618
9211 6824
9212 5961
9213 5121
9214 4289
9215 7387
9216 6552
9217 5719
9218 8012
9219 7174
9220 6323
9221 5486
9222 4656
9223 7729
9224 6850
9225 5983
9226 5144
9227 7304
9228 6461
9229 5617
9230 4771
9231 7885
9232 7038
9233 6182
9234 5345
9235 7605
9236 6770
9237 5935
9238 5105
9239 4244
9240 6242
9241 5377
9242 4527
9243 7725
9244 6887
9245 6031
9246 5178
9247 7376
9248 6464
9249 5623
9250 4792
9251 6997
9252 6167
9253 5324
9254 4485
9255 6626
9256 5790
9257 4956
9258 4125
9259 6219
9260 5385
9261 4551
9262 6729
9263 5868
9264 5013
9265 4139
9266 6261
9267 5405
9268 4549
9269 6802
9270 5955
9271 5109
9272 4272
9273 7912
9274 7070
9275 6228
9276 8927
9277 8089
9278 6916
9279 6047
9280 5211
9281 7506
9282 6624
9283 5724
9284 4825
9285 6560
9286 5663
9287 4757
9288 6970
9289 6064
9290 5090
9291 4192
9292 6192
9293 5286
9294 4383
9295 7457
9296 6568
9297 5664
9298 7871
9299 6975
9300 6078
9301 5181
9302 4280
9303 6181
9304 5226
9305 4367
9306 6646
9307 5814
9308 4969
9309 4132
9310 6240
9311 5406
9312 4577
9313 6721
9314 5892
9315 5075
9316 4245
9317 6349
9318 5521
9319 4689
9320 6923
9321 5981
9322 5138
9323 4306
9324 6296
9325 5455
9326 4625
9327 6848
9328 5933
9329 5077
9330 4240
9331 6409
9332 5582
9333 4761
9334 7015
9335 6182
9336 5313
9337 4471
9338 7434
9339 6557
9340 5611
9341 7911
9342 6989
9343 6067
9344 5181
9345 4328
9346 7197
9347 6290
9348 5418
9349 7791
9350 6957
9351 6107
9352 5284
9353 4446
9354 7412
9355 6582
9356 5713
9357 9055
9358 8225
9359 7391
9360 6553
9361 5724
9362 7946
9363 7007
9364 6141
9365 5294
9366 4402
9367 7253
9368 6357
9369 5459
9370 7649
9371 6752
9372 5855
9373 5016
9374 8457
9375 7553
9376 6651
9377 5748
9378 7432
9379 6536
9380 5667
9381 4805
9382 7898
9383 7028
9384 6183
9385 5342
9386 7490
9387 6602
9388 5702
9389 4845
9390 6928
9391 6056
9392 5211
9393 4367
9394 7409
9395 6572
9396 5730
9397 8097
9398 7261
9399 6426
9400 5596
9401 4765
9402 6831
9403 6001
9404 5171
9405 4341
9406 6412
9407 5581
9408 4749
9409 6980
9410 6071
9411 5173
9412 4282
9413 6256
9414 5358
9415 4456
9416 6501
9417 5601
9418 4702
9419 6919
9420 6021
9421 5064
9422 4163
9423 6224
9424 5326
9425 4429
9426 7486
9427 6587
9428 5682
9429 8918
9430 8016
9431 7114
9432 6246
9433 5349
9434 7418
9435 6557
9436 5710
9437 4873
9438 7938
9439 7032
9440 6131
9441 5227
9442 8289
9443 7406
9444 6510
9445 5646
9446 7787
9447 6884
9448 6021
9449 5117
9450 4219
9451 6098
9452 5193
9453 4333
9454 6552
9455 5712
9456 4879
9457 4091
9458 6127
9459 5286
9460 4444
9461 6697
9462 5867
9463 5035
9464 4220
9465 6265
9466 5424
9467 4582
9468 7000
9469 6166
9470 5324
9471 4424
9472 7270
9473 6414
9474 5563
9475 11407
9476 10551
9477 9745
9478 8911
9479 8114
9480 10797
9481 9971
9482 9140
9483 8310
9484 7511
9485 6682
9486 5920
9487 5067
9488 7927
9489 7088
9490 6282
9491 5447
9492 4628
9493 6693
9494 5854
9495 5011
9496 4191
9497 6207
9498 5351
9499 4518
9500 6734
9501 5853
9502 5050
9503 4203
9504 6278
9505 5447
9506 4617
9507 7812
9508 6983
9509 6135
9510 5294
9511 7579
9512 6740
9513 5901
9514 5061
9515 4221
9516 6238
9517 5409
9518 4581
9519 7745
9520 6907
9521 6118
9522 5272
9523 7457
9524 6608
9525 5773
9526 4931
9527 7976
9528 7109
9529 6270
9530 5437
9531 7698
9532 6867
9533 6094
9534 5264
9535 4430
9536 6370
9537 5529
9538 4605
9539 6853
9540 6011
9541 5163
9542 4319
9543 6406
9544 5565
9545 4730
9546 6939
9547 6110
9548 5265
9549 4358
9550 6363
9551 5463
9552 4589
9553 6737
9554 5878
9555 5064
9556 4172
9557 6171
9558 5272
9559 4433
9560 6573
9561 5735
9562 4970
9563 8009
9564 7184
9565 6356
9566 5517
9567 7767
9568 6942
9569 6121
9570 5305
9571 4513
9572 6597
9573 5781
9574 4958
9575 4139
9576 6194
9577 5370
9578 4551
9579 6803
9580 5933
9581 5113
9582 4324
9583 7385
9584 6564
9585 5719
9586 8058
9587 7229
9588 6383
9589 5542
9590 4698
9591 6768
9592 5934
9593 5104
9594 4282
9595 7363
9596 6543
9597 5737
9598 8017
9599 7200
9600 6384
9601 5569
9602 4745
9603 6850
9604 6027
9605 5191
9606 4368
9607 6476
9608 5651
9609 4819
9610 8019
9611 7187
9612 6356
9613 5555
9614 8721
9615 7859
9616 6972
9617 6120
9618 5236
9619 9924
9620 9070
9621 8224
9622 7382
9623 10141
9624 9307
9625 8476
9626 7644
9627 6812
9628 5960
9629 5123
9630 7074
9631 6216
9632 5375
9633 4542
9634 4447
9635 5794
9636 4964
9637 4131
9638 4131
9639 6367
9640 5496
9641 5504
9642 7970
9643 7134
9644 6293
9645 5449
9646 4652
9647 6736
9648 5904
9649 5071
9650 4260
9651 6280
9652 5422
9653 4587
9654 6867
9655 6033
9656 5202
9657 4371
9658 6434
9659 5601
9660 4769
9661 7038
9662 6191
9663 5350
9664 4479
9665 6714
9666 5880
9667 5047
9668 4215
9669 7223
9670 6373
9671 5529
9672 7882
9673 7042
9674 6195
9675 5351
9676 4481
9677 6448
9678 5613
9679 4771
9680 8076
9681 7245
9682 6413
9683 5580
9684 8798
9685 7942
9686 7091
9687 6254
9688 5372
9689 7417
9690 6582
9691 5745
9692 4915
9693 7034
9694 6205
9695 5373
9696 4540
9697 7662
9698 6830
9699 5997
9700 5196
9701 7331
9702 6504
9703 5669
9704 4829
9705 6126
9706 5280
9707 4444
9708 7416
9709 6583
9710 5665
9711 7966
9712 7065
9713 6169
9714 5266
9715 4368
9716 7257
9717 6358
9718 5451
9719 7606
9720 6702
9721 5795
9722 4894
9723 7019
9724 6118
9725 5220
9726 4411
9727 7294
9728 6395
9729 5498
9730 7789
9731 6900
9732 6005
9733 5148
9734 4302
9735 6332
9736 5497
9737 4665
9738 7905
9739 7078
9740 6248
9741 5386
9742 8437
9743 7536
9744 6585
9745 5712
9746 7903
9747 7047
9748 6209
9749 5304
9750 4446
9751 6413
9752 5512
9753 4605
9754 7739
9755 6844
9756 5987
9757 5201
9758 7302
9759 6466
9760 5624
9761 4769
9762 6815
9763 5914
9764 5016
9765 4117
9766 6183
9767 5247
9768 4347
9769 7443
9770 6544
9771 5644
9772 7852
9773 6951
9774 6047
9775 5171
9776 4295
9777 6228
9778 5281
9779 4379
9780 6521
9781 5624
9782 4722
9783 6896
9784 5979
9785 5109
9786 4198
9787 6226
9788 5324
9789 4449
9790 7574
9791 6678
9792 5812
9793 8063
9794 7222
9795 6344
9796 5464
9797 4564
9798 6448
9799 5548
9800 4644
9801 6847
9802 5932
9803 5021
9804 4123
9805 6184
9806 5277
9807 4370
9808 6482
9809 5581
9810 4681
9811 7819
9812 6920
9813 6026
9814 5169
9815 7253
9816 6356
9817 5449
9818 4549
9819 6578
9820 5681
9821 4786
9822 7941
9823 7043
9824 6141
9825 5254
9826 8926
9827 8028
9828 7131
9829 6232
9830 8822
9831 7926
9832 7006
9833 6103
9834 5203
9835 8158
9836 7265
9837 6368
9838 5477
9839 7549
9840 6654
9841 5756
9842 4878
9843 6943
9844 6047
9845 5145
9846 4239
9847 6329
9848 5434
9849 4528
9850 7626
9851 6729
9852 5823
9853 8091
9854 7182
9855 6294
9856 5390
9857 4493
9858 6432
9859 5533
9860 4635
9861 7781
9862 6872
9863 6003
9864 5142
9865 7277
9866 6379
9867 5478
9868 4582
9869 7663
9870 6809
9871 5974
9872 5092
9873 7195
9874 6296
9875 5398
9876 4500
9877 7490
9878 6585
9879 5684
9880 7953
9881 7040
9882 6142
9883 5241
9884 4340
9885 6327
9886 5427
9887 4533
9888 6605
9889 5708
9890 4809
9891 7970
9892 7071
9893 6172
9894 5269
9895 7384
9896 6478
9897 5612
9898 4707
9899 7640
9900 6733
9901 5836
9902 8104
9903 7205
9904 6303
9905 5409
9906 4557
9907 6453
9908 5557
9909 4661
9910 6808
9911 5909
9912 5034
9913 4165
9914 6213
9915 5316
9916 4417
9917 6485
9918 5588
9919 4684
9920 6870
9921 5973
9922 5077
9923 4209
9924 6163
9925 5265
9926 4417
9927 6632
9928 5790
9929 4956
9930 4072
9931 6169
9932 5272
9933 4378
9934 6464
9935 5565
9936 4661
9937 7764
9938 6867
9939 5962
9940 5083
9941 7224
9942 6325
9943 5430
9944 4531
9945 6546
9946 5647
9947 4749
9948 6932
9949 6029
9950 5125
9951 4213
9952 6226
9953 5333
9954 4432
9955 6514
9956 5615
9957 4718
9958 6873
9959 5969
9960 5069
9961 4217
9962 6886
9963 6047
9964 5207
9965 7889
9966 7049
9967 6211
9968 5398
9969 8593
9970 7751
9971 6897
9972 6037
9973 5182
9974 7178
9975 6330
9976 5481
9977 4673
9978 6801
9979 5953
9980 5111
9981 4300
9982 6364
9983 5529
9984 4697
9985 6952
9986 6112
9987 5279
9988 4448
9989 6671
9990 5834
9991 5001
9992 4171
9993 7164
9994 6326
9995 5491
9996 7812
9997 6981
9998 6179
9999 5334
10000 4499
Average 6083
Min 3037
Max 11447
END
