1 2881
2 2911
3 4045
4 3220
5 2368
6 1534
7 1714
8 0969
9 2086
10 1266
11 1413
12 1579
13 1734
14 1094
15 1221
16 1319
17 1479
18 1749
19 0928
20 1095
21 1215
22 1483
23 1493
24 1656
25 1835
26 1091
27 1216
28 1343
29 1540
30 1651
31 0926
32 5457
33 4591
34 3775
35 2955
36 2138
37 1322
38 1229
39 1236
40 1354
41 1554
42 1762
43 0989
44 1179
45 1277
46 1475
47 1599
48 0879
49 1971
50 1219
51 1332
52 1457
53 1660
54 0922
55 1119
56 2208
57 1387
58 1581
59 1744
60 1016
61 1180
62 1258
63 1481
64 1598
65 0876
66 1984
67 1235
68 1357
69 1531
70 1704
71 0965
72 1278
73 1303
74 1472
75 1610
76 1779
77 1049
78 1248
79 1344
80 1494
81 1672
82 0946
83 1107
84 1217
85 1456
86 1514
87 1705
88 1964
89 1183
90 1261
91 1432
92 1628
93 0871
94 1136
95 1238
96 1326
97 1505
98 1701
99 0962
100 1153
101 1247
102 1413
103 1534
104 0796
105 1898
106 1182
107 1273
108 1445
109 1698
110 1820
111 1175
112 1224
113 1414
114 1599
115 0871
116 1095
117 1148
118 1245
119 1457
120 1630
121 0948
122 1120
123 2209
124 1386
125 1519
126 1737
127 1844
128 1198
129 1237
130 1403
131 1588
132 0834
133 1110
134 1231
135 1331
136 1504
137 1679
138 0948
139 1119
140 1235
141 1354
142 1524
143 1933
144 1880
145 1147
146 1270
147 1439
148 1654
149 0900
150 1068
151 2163
152 1346
153 1550
154 1689
155 0963
156 1152
157 1262
158 1480
159 1622
160 0894
161 1945
162 1221
163 1338
164 1508
165 1717
166 0970
167 1242
168 1275
169 1410
170 1586
171 1771
172 1026
173 1191
174 1272
175 1489
176 1699
177 0969
178 2073
179 1254
180 1420
181 1601
182 0866
183 1047
184 1224
185 1358
186 1494
187 1686
188 1894
189 1209
190 1289
191 1403
192 1540
193 0793
194 1118
195 1198
196 1284
197 1459
198 1673
199 0962
200 2036
201 1199
202 1399
203 1527
204 0808
205 0988
206 1150
207 1282
208 1441
209 1654
210 1804
211 1141
212 1223
213 1353
214 1557
215 0819
216 1031
217 1122
218 1224
219 1431
220 1613
221 0893
222 1983
223 1279
224 1396
225 1537
226 0798
227 0971
228 1146
229 1277
230 1450
231 1669
232 2564
233 1719
234 3387
235 2556
236 1737
237 1388
238 1225
239 2064
240 1246
241 1394
242 1598
243 1774
244 1062
245 1247
246 1302
247 1486
248 1650
249 0909
250 1061
251 1264
252 1350
253 1533
254 0790
255 1918
256 1201
257 1281
258 1396
259 1629
260 1800
261 1077
262 2195
263 1378
264 1593
265 0832
266 1158
267 1194
268 1284
269 1478
270 1574
271 0856
272 1986
273 1262
274 1344
275 1552
276 0846
277 1027
278 1206
279 1270
280 1458
281 1615
282 1809
283 1170
284 1201
285 1353
286 1592
287 1765
288 1013
289 1192
290 1273
291 1476
292 1633
293 0910
294 1049
295 1204
296 1356
297 1552
298 0828
299 1926
300 1205
301 1302
302 1415
303 1645
304 0895
305 1178
306 1188
307 1328
308 1532
309 1711
310 0982
311 2048
312 1233
313 1418
314 1591
315 0866
316 1064
317 1236
318 1369
319 1501
320 1731
321 1920
322 1193
323 1297
324 1421
325 1611
326 0892
327 1051
328 2147
329 1322
330 1496
331 1624
332 0878
333 1113
334 1233
335 1371
336 1545
337 1768
338 1916
339 1189
340 1314
341 1466
342 1695
343 0954
344 1143
345 1236
346 1373
347 1568
348 1721
349 1076
350 1190
351 1288
352 1473
353 1648
354 0909
355 1034
356 1253
357 1388
358 1520
359 1731
360 1948
361 1197
362 1283
363 1476
364 1677
365 0936
366 1102
367 2191
368 1377
369 1572
370 1699
371 0993
372 1198
373 1294
374 1426
375 1616
376 0887
377 2000
378 1269
379 1320
380 1491
381 1696
382 0949
383 1103
384 1224
385 1372
386 1628
387 1923
388 1280
389 1184
390 1280
391 1479
392 1652
393 0932
394 2028
395 1279
396 1395
397 1524
398 0803
399 1000
400 1138
401 1238
402 1439
403 1614
404 1815
405 1176
406 1207
407 1323
408 1493
409 1699
410 0972
411 1221
412 1294
413 1462
414 1554
415 0831
416 1965
417 1231
418 1299
419 1409
420 1627
421 0876
422 1182
423 1286
424 1356
425 1567
426 1723
427 0988
428 2086
429 1267
430 1468
431 1590
432 0859
433 1000
434 1185
435 1289
436 1468
437 1652
438 1804
439 1151
440 1238
441 1308
442 1464
443 1667
444 0932
445 2066
446 1235
447 1386
448 1553
449 0828
450 1049
451 1211
452 1328
453 1505
454 0782
455 1826
456 1096
457 1213
458 1385
459 1596
460 1778
461 1053
462 1249
463 1298
464 1438
465 1612
466 0888
467 1111
468 1257
469 1369
470 1578
471 0832
472 2094
473 1297
474 1383
475 1440
476 1823
477 1010
478 1000
479 0903
480 2023
481 1205
482 1375
483 1568
484 1756
485 1131
486 1221
487 1268
488 1433
489 1618
490 0887
491 2040
492 1303
493 1474
494 1456
495 1666
496 0903
497 1182
498 1318
499 1352
500 1515
501 1686
502 0967
503 2046
504 1203
505 1351
506 1533
507 1743
508 0987
509 1259
510 1263
511 1441
512 1612
513 1823
514 1095
515 1239
516 1281
517 1523
518 1749
519 1028
520 2047
521 1231
522 1458
523 1654
524 0891
525 1653
526 0905
527 2752
528 1930
529 1834
530 1266
531 1209
532 1217
533 1430
534 1590
535 1804
536 1946
537 1211
538 1301
539 1487
540 1618
541 1837
542 1181
543 1218
544 1387
545 1585
546 1720
547 0998
548 1192
549 1265
550 1471
551 1616
552 0871
553 1936
554 1188
555 1326
556 1482
557 1685
558 0939
559 1133
560 1238
561 1445
562 1656
563 1811
564 1153
565 1220
566 1313
567 1503
568 1684
569 0955
570 2013
571 1304
572 1395
573 1520
574 1744
575 0993
576 1192
577 1296
578 1420
579 1626
580 1801
581 1159
582 1193
583 1337
584 1493
585 1681
586 0957
587 1140
588 1252
589 1405
590 1599
591 0867
592 1085
593 1246
594 1322
595 1454
596 1659
597 1824
598 1189
599 1211
600 1387
601 1564
602 0835
603 1101
604 1148
605 1311
606 1460
607 1604
608 0897
609 2018
610 1278
611 1374
612 1533
613 1737
614 0955
615 1121
616 1276
617 1345
618 1504
619 1686
620 0921
621 1120
622 1263
623 1372
624 1552
625 0831
626 1899
627 1162
628 1266
629 1425
630 1790
631 1045
632 1171
633 1238
634 1312
635 1522
636 1633
637 0905
638 2017
639 1202
640 1426
641 1581
642 0830
643 1029
644 1190
645 1299
646 1394
647 1651
648 1826
649 1347
650 1285
651 1324
652 1553
653 1747
654 1017
655 1201
656 1333
657 1478
658 1651
659 0905
660 1968
661 1240
662 1279
663 1436
664 1655
665 0905
666 1205
667 1250
668 1362
669 1560
670 1771
671 1105
672 1179
673 1243
674 1450
675 1582
676 0870
677 2012
678 1277
679 1380
680 1571
681 0855
682 0984
683 1127
684 1209
685 1362
686 1593
687 1740
688 1024
689 1179
690 1276
691 1442
692 1624
693 0901
694 2020
695 1261
696 1338
697 1487
698 1745
699 1019
700 1215
701 1281
702 1406
703 1658
704 1753
705 1092
706 1219
707 1302
708 1506
709 1626
710 0913
711 1134
712 1227
713 1396
714 1514
715 1742
716 1889
717 1150
718 1333
719 1480
720 1657
721 0919
722 1223
723 1206
724 1354
725 1508
726 1690
727 1005
728 1109
729 1270
730 1455
731 1681
732 0857
733 1949
734 1182
735 1294
736 1428
737 1651
738 0899
739 1166
740 1214
741 1326
742 1578
743 1693
744 0966
745 2109
746 1288
747 1493
748 1584
749 0825
750 1034
751 1225
752 1525
753 1519
754 1721
755 1894
756 1157
757 1245
758 1389
759 1573
760 0827
761 1012
762 1195
763 1282
764 1502
765 1655
766 0914
767 1972
768 1246
769 1373
770 1539
771 1721
772 0981
773 1214
774 1235
775 1459
776 1594
777 1807
778 1162
779 1218
780 1320
781 1505
782 1644
783 0896
784 2013
785 1266
786 1436
787 1535
788 1707
789 0971
790 1169
791 1240
792 1450
793 1628
794 1815
795 1088
796 1194
797 1362
798 1550
799 0802
800 1018
801 1153
802 1236
803 1614
804 1576
805 0841
806 1913
807 1190
808 1334
809 1474
810 1661
811 1847
812 1090
813 2147
814 1324
815 1522
816 1709
817 0954
818 1169
819 1230
820 1437
821 1571
822 0838
823 1920
824 1185
825 1281
826 1459
827 1622
828 0874
829 1155
830 1214
831 1367
832 1548
833 1694
834 0959
835 1100
836 1218
837 1412
838 1607
839 0883
840 2002
841 1272
842 1369
843 1569
844 0816
845 0994
846 1150
847 1233
848 1459
849 1625
850 1759
851 1121
852 1193
853 1379
854 1553
855 0808
856 1005
857 1132
858 1288
859 1417
860 1561
861 0822
862 1949
863 1214
864 1337
865 1513
866 1666
867 1813
868 1067
869 1194
870 1348
871 1557
872 1718
873 0974
874 1271
875 1308
876 1448
877 1595
878 0860
879 1045
880 1263
881 1346
882 1515
883 0790
884 1896
885 1169
886 1240
887 1375
888 1599
889 2508
890 1691
891 0938
892 2736
893 1919
894 1604
895 1263
896 2075
897 1254
898 1384
899 1518
900 1696
901 1072
902 1125
903 1223
904 1428
905 1596
906 0876
907 1063
908 1186
909 1322
910 1454
911 1636
912 1853
913 1102
914 1232
915 1333
916 1569
917 1754
918 1013
919 1194
920 1267
921 1434
922 1616
923 0884
924 1959
925 1227
926 1344
927 1484
928 1688
929 0928
930 1227
931 1294
932 1321
933 1532
934 1725
935 0990
936 1131
937 1247
938 1426
939 1556
940 1732
941 1894
942 1175
943 1303
944 1446
945 1622
946 0888
947 1014
948 2138
949 1313
950 1456
951 1600
952 0891
953 1020
954 1163
955 1320
956 1446
957 1650
958 1793
959 1171
960 1221
961 1298
962 1551
963 0803
964 0967
965 1101
966 1240
967 1425
968 1565
969 0835
970 1910
971 1194
972 1252
973 1443
974 1651
975 0893
976 1150
977 1253
978 1309
979 1520
980 1726
981 0997
982 1121
983 1246
984 1322
985 1531
986 1720
987 1888
988 1252
989 1241
990 1422
991 1620
992 0870
993 1442
994 1269
995 1460
996 1487
997 1676
998 0935
999 1077
1000 1256
1001 1401
1002 1579
1003 0841
1004 1906
1005 1173
1006 1275
1007 1422
1008 1570
1009 1751
1010 1018
1011 2120
1012 1293
1013 1482
1014 1654
1015 0902
1016 1103
1017 1250
1018 1364
1019 1501
1020 0776
1021 1901
1022 1171
1023 1288
1024 1439
1025 1686
1026 1800
1027 1150
1028 1170
1029 1345
1030 1511
1031 1699
1032 0964
1033 1116
1034 1216
1035 1442
1036 1612
1037 0878
1038 1928
1039 1206
1040 1287
1041 1456
1042 1693
1043 0946
1044 1206
1045 1241
1046 1424
1047 1628
1048 1757
1049 1134
1050 1180
1051 1304
1052 1506
1053 1674
1054 0948
1055 2023
1056 1208
1057 1401
1058 1571
1059 0854
1060 1071
1061 1227
1062 1289
1063 1462
1064 1695
1065 1874
1066 1147
1067 1225
1068 1400
1069 1587
1070 0847
1071 1167
1072 1200
1073 1333
1074 1506
1075 1653
1076 0927
1077 1144
1078 1200
1079 1391
1080 1604
1081 0862
1082 1928
1083 1203
1084 1262
1085 1472
1086 1654
1087 0903
1088 1211
1089 1256
1090 1389
1091 1557
1092 1663
1093 0927
1094 1121
1095 1223
1096 1419
1097 1616
1098 0873
1099 1947
1100 1217
1101 1362
1102 1496
1103 1718
1104 0975
1105 1232
1106 1208
1107 1411
1108 1641
1109 1804
1110 1070
1111 1246
1112 1294
1113 1501
1114 1702
1115 0987
1116 1139
1117 1361
1118 1396
1119 1612
1120 0860
1121 1963
1122 1238
1123 1348
1124 1521
1125 1688
1126 0934
1127 1202
1128 1221
1129 1401
1130 1577
1131 1723
1132 1080
1133 1170
1134 1271
1135 1495
1136 1649
1137 0917
1138 1074
1139 1255
1140 1418
1141 1538
1142 1719
1143 1903
1144 1165
1145 2183
1146 1348
1147 1472
1148 1650
1149 0902
1150 1044
1151 1204
1152 1268
1153 1451
1154 1631
1155 1748
1156 1100
1157 1165
1158 1266
1159 1415
1160 1505
1161 1742
1162 0962
1163 2051
1164 2205
1165 1371
1166 1553
1167 1721
1168 1069
1169 1051
1170 1210
1171 1282
1172 1417
1173 1597
1174 1736
1175 1082
1176 1191
1177 1240
1178 1411
1179 1557
1180 1715
1181 1876
1182 1125
1183 2137
1184 1302
1185 1475
1186 1846
1187 1017
1188 0942
1189 0993
1190 1123
1191 1256
1192 1315
1193 1484
1194 1660
1195 1796
1196 1052
1197 2157
1198 1325
1199 1479
1200 1588
1201 0856
1202 0990
1203 1164
1204 1267
1205 1406
1206 1583
1207 1775
1208 1110
1209 1189
1210 1256
1211 1425
1212 1546
1213 1710
1214 1861
1215 1053
1216 2163
1217 1329
1218 1520
1219 1685
1220 0931
1221 1035
1222 2144
1223 1310
1224 1409
1225 1605
1226 1774
1227 1144
1228 1199
1229 1337
1230 1500
1231 1676
1232 0957
1233 1095
1234 1259
1235 1383
1236 1697
1237 0983
1238 1938
1239 1191
1240 1262
1241 1422
1242 1653
1243 0907
1244 1201
1245 1306
1246 1336
1247 1543
1248 1692
1249 0954
1250 1169
1251 1237
1252 2077
1253 1349
1254 3241
1255 2426
1256 1611
1257 1275
1258 1124
1259 1747
1260 1914
1261 1311
1262 1220
1263 1416
1264 1554
1265 0852
1266 1888
1267 1129
1268 1273
1269 1412
1270 1694
1271 1792
1272 1153
1273 1272
1274 1318
1275 1543
1276 0796
1277 0974
1278 2031
1279 1263
1280 1404
1281 1534
1282 0832
1283 1022
1284 1209
1285 1318
1286 1444
1287 1614
1288 1743
1289 0996
1290 2111
1291 1292
1292 1490
1293 1625
1294 0906
1295 1127
1296 2159
1297 1341
1298 1526
1299 1715
1300 1884
1301 1243
1302 1300
1303 1454
1304 1665
1305 0909
1306 1181
1307 1210
1308 1305
1309 1511
1310 1714
1311 0985
1312 1176
1313 1248
1314 1468
1315 1631
1316 0896
1317 1956
1318 1218
1319 1357
1320 1502
1321 1750
1322 0982
1323 1171
1324 1240
1325 1424
1326 1607
1327 1827
1328 1187
1329 1215
1330 1351
1331 1557
1332 0857
1333 0945
1334 1159
1335 1318
1336 1360
1337 1574
1338 0842
1339 1836
1340 1094
1341 1212
1342 1409
1343 1617
1344 1751
1345 1152
1346 1248
1347 1297
1348 1485
1349 1648
1350 0939
1351 1056
1352 1172
1353 1368
1354 1612
1355 0879
1356 1952
1357 1212
1358 1489
1359 1462
1360 1694
1361 0939
1362 1095
1363 1211
1364 1377
1365 1616
1366 1770
1367 1034
1368 1199
1369 1270
1370 1530
1371 1646
1372 0908
1373 1996
1374 1179
1375 1324
1376 1534
1377 0808
1378 1006
1379 1187
1380 1267
1381 1485
1382 1683
1383 1830
1384 1168
1385 1239
1386 1385
1387 1562
1388 0799
1389 0998
1390 1179
1391 1253
1392 1435
1393 1586
1394 0862
1395 2021
1396 1207
1397 1348
1398 1606
1399 0876
1400 0931
1401 1124
1402 1223
1403 1405
1404 1587
1405 1735
1406 1097
1407 1190
1408 1259
1409 1508
1410 1628
1411 0867
1412 1133
1413 2201
1414 1382
1415 1538
1416 0818
1417 1896
1418 1179
1419 1234
1420 1407
1421 1609
1422 0856
1423 1152
1424 1194
1425 1267
1426 1479
1427 1672
1428 0964
1429 1975
1430 1234
1431 1344
1432 1545
1433 0795
1434 0993
1435 1166
1436 1300
1437 1442
1438 1662
1439 1817
1440 1068
1441 2087
1442 1273
1443 1494
1444 1672
1445 0951
1446 1108
1447 1206
1448 1405
1449 1564
1450 0850
1451 1930
1452 1216
1453 1282
1454 1479
1455 1683
1456 0915
1457 1159
1458 1213
1459 1337
1460 1521
1461 1725
1462 1014
1463 1150
1464 1291
1465 1422
1466 1569
1467 0831
1468 1953
1469 1227
1470 1337
1471 1489
1472 1693
1473 0965
1474 1070
1475 2197
1476 1369
1477 1585
1478 1734
1479 0983
1480 1215
1481 1244
1482 1364
1483 1547
1484 1710
1485 1817
1486 1093
1487 1221
1488 1386
1489 1668
1490 0892
1491 1144
1492 1238
1493 1289
1494 1539
1495 1673
1496 0936
1497 2031
1498 1215
1499 1432
1500 1585
1501 0861
1502 1033
1503 1160
1504 1270
1505 1488
1506 1629
1507 1834
1508 1202
1509 1220
1510 1364
1511 1567
1512 1755
1513 1138
1514 1145
1515 1264
1516 1449
1517 1611
1518 0876
1519 1966
1520 1217
1521 1338
1522 1540
1523 1715
1524 0971
1525 1116
1526 2221
1527 1400
1528 1547
1529 1780
1530 1035
1531 1227
1532 1333
1533 1499
1534 1675
1535 0947
1536 1125
1537 1288
1538 1390
1539 1503
1540 1690
1541 1904
1542 1168
1543 1276
1544 2084
1545 3833
1546 3008
1547 2193
1548 1377
1549 1583
1550 1019
1551 1701
1552 1851
1553 2091
1554 1268
1555 1394
1556 1642
1557 1802
1558 1088
1559 1179
1560 1265
1561 1496
1562 1659
1563 0932
1564 2005
1565 1282
1566 1424
1567 1548
1568 0797
1569 1033
1570 1262
1571 1311
1572 1507
1573 1676
1574 1886
1575 1224
1576 1250
1577 1437
1578 1615
1579 0868
1580 1173
1581 1188
1582 1337
1583 1470
1584 1595
1585 0863
1586 1101
1587 1250
1588 1397
1589 1527
1590 0803
1591 1901
1592 1079
1593 2126
1594 1306
1595 1538
1596 1669
1597 0948
1598 1184
1599 1249
1600 1422
1601 1813
1602 1068
1603 1963
1604 1208
1605 1325
1606 1434
1607 1667
1608 0921
1609 1116
1610 1223
1611 1324
1612 1557
1613 1735
1614 1001
1615 2119
1616 1301
1617 1446
1618 1650
1619 0909
1620 1095
1621 1277
1622 1374
1623 1593
1624 0868
1625 1894
1626 1163
1627 1309
1628 1466
1629 1664
1630 0910
1631 1170
1632 1227
1633 1293
1634 1551
1635 1666
1636 0935
1637 2031
1638 1197
1639 1444
1640 1629
1641 0925
1642 1109
1643 2158
1644 1339
1645 1546
1646 0814
1647 1855
1648 1211
1649 1265
1650 1422
1651 1577
1652 1736
1653 1095
1654 1236
1655 1294
1656 1519
1657 1701
1658 0964
1659 1999
1660 1266
1661 1360
1662 1516
1663 1685
1664 0934
1665 1127
1666 2241
1667 1414
1668 1538
1669 1702
1670 0979
1671 1193
1672 1277
1673 1474
1674 1676
1675 0907
1676 1958
1677 1228
1678 1383
1679 1561
1680 1709
1681 0920
1682 1095
1683 1196
1684 1362
1685 1525
1686 1717
1687 0964
1688 1132
1689 1226
1690 1381
1691 1556
1692 1821
1693 1924
1694 1154
1695 1299
1696 1483
1697 1643
1698 1811
1699 1153
1700 1241
1701 1404
1702 1546
1703 1697
1704 1051
1705 1201
1706 1296
1707 1487
1708 1618
1709 0876
1710 1969
1711 1236
1712 1350
1713 1520
1714 1717
1715 0957
1716 1123
1717 1221
1718 1371
1719 1585
1720 1759
1721 1102
1722 1239
1723 1471
1724 1459
1725 1638
1726 0902
1727 1125
1728 1214
1729 1410
1730 1586
1731 0847
1732 2029
1733 1215
1734 1256
1735 1440
1736 1667
1737 0918
1738 1173
1739 1208
1740 1363
1741 1586
1742 1712
1743 0984
1744 1139
1745 1229
1746 1430
1747 1653
1748 0920
1749 1955
1750 1224
1751 1379
1752 1563
1753 0833
1754 0994
1755 1269
1756 1213
1757 1405
1758 1613
1759 1798
1760 1067
1761 1230
1762 1375
1763 1562
1764 0813
1765 0996
1766 1181
1767 1221
1768 1420
1769 1580
1770 0852
1771 1991
1772 1269
1773 1341
1774 1486
1775 1713
1776 0966
1777 1181
1778 1256
1779 1413
1780 1590
1781 1785
1782 1142
1783 1262
1784 1326
1785 1500
1786 1678
1787 0954
1788 1148
1789 1223
1790 1420
1791 1591
1792 0872
1793 1987
1794 1255
1795 1332
1796 1457
1797 1684
1798 0945
1799 1147
1800 1203
1801 1371
1802 1585
1803 1794
1804 1055
1805 1239
1806 1315
1807 1543
1808 0808
1809 0993
1810 2011
1811 1195
1812 1425
1813 1579
1814 0831
1815 1049
1816 1213
1817 1361
1818 1492
1819 1689
1820 1850
1821 1066
1822 2150
1823 1334
1824 1558
1825 1749
1826 1024
1827 1178
1828 1196
1829 1415
1830 1633
1831 0924
1832 1955
1833 1234
1834 1394
1835 1566
1836 0851
1837 0986
1838 1312
1839 1315
1840 1439
1841 1634
1842 1811
1843 1167
1844 1197
1845 1466
1846 1529
1847 0784
1848 0929
1849 1175
1850 1262
1851 1469
1852 1614
1853 0865
1854 0983
1855 1213
1856 1287
1857 1479
1858 1713
1859 1868
1860 1131
1861 1228
1862 1358
1863 1521
1864 1710
1865 0994
1866 1168
1867 1229
1868 1483
1869 1615
1870 0880
1871 1968
1872 1228
1873 1379
1874 1538
1875 1727
1876 0982
1877 1132
1878 1257
1879 1443
1880 1639
1881 1811
1882 1164
1883 1173
1884 1353
1885 1533
1886 0783
1887 0962
1888 1096
1889 1233
1890 1422
1891 1582
1892 0860
1893 1878
1894 1153
1895 1321
1896 1524
1897 1707
1898 0958
1899 1123
1900 1208
1901 1386
1902 1548
1903 1725
1904 1009
1905 1175
1906 1308
1907 1484
1908 1603
1909 0882
1910 4298
1911 3472
1912 2657
1913 1867
1914 1479
1915 1306
1916 2075
1917 1260
1918 1465
1919 1649
1920 0914
1921 1073
1922 1236
1923 1402
1924 1557
1925 0848
1926 1929
1927 1154
1928 1225
1929 1403
1930 1631
1931 0889
1932 1172
1933 1202
1934 1360
1935 1587
1936 1732
1937 1005
1938 1218
1939 1273
1940 1444
1941 1616
1942 0878
1943 2017
1944 1202
1945 1411
1946 1549
1947 0822
1948 1040
1949 1227
1950 1343
1951 1493
1952 1635
1953 1842
1954 1178
1955 1216
1956 1353
1957 1592
1958 0844
1959 1000
1960 1193
1961 1278
1962 1476
1963 1656
1964 0915
1965 1990
1966 1267
1967 1545
1968 1524
1969 0802
1970 0974
1971 1134
1972 1302
1973 1423
1974 1616
1975 1786
1976 1153
1977 1260
1978 1332
1979 1525
1980 0780
1981 0969
1982 2049
1983 1224
1984 1407
1985 1585
1986 0831
1987 0972
1988 1196
1989 1310
1990 1517
1991 1706
1992 1868
1993 1113
1994 1227
1995 1368
1996 1560
1997 0820
1998 1012
1999 1177
2000 1242
2001 1451
2002 1618
2003 0879
2004 1148
2005 1283
2006 1347
2007 1528
2008 1761
2009 1896
2010 1238
2011 1236
2012 1360
2013 1558
2014 1674
2015 0944
2016 1162
2017 1267
2018 1496
2019 1638
2020 0897
2021 1134
2022 1285
2023 1381
2024 1521
2025 1674
2026 1896
2027 1182
2028 1258
2029 1430
2030 1626
2031 0867
2032 1181
2033 1246
2034 1363
2035 1557
2036 1666
2037 0936
2038 1152
2039 1229
2040 1404
2041 1612
2042 0881
2043 1995
2044 1265
2045 1388
2046 1546
2047 0814
2048 1020
2049 1235
2050 1277
2051 1468
2052 1652
2053 1778
2054 1027
2055 1188
2056 1369
2057 1524
2058 1710
2059 1077
2060 1141
2061 1227
2062 1417
2063 1601
2064 0874
2065 1987
2066 1256
2067 1361
2068 1504
2069 1698
2070 0951
2071 1153
2072 1265
2073 1479
2074 1685
2075 1796
2076 1073
2077 2205
2078 1383
2079 1578
2080 0831
2081 0993
2082 1197
2083 1200
2084 1403
2085 1576
2086 0834
2087 1956
2088 1203
2089 1446
2090 1417
2091 1690
2092 0929
2093 1109
2094 1189
2095 1343
2096 1529
2097 1699
2098 0965
2099 1130
2100 1278
2101 1381
2102 1572
2103 0854
2104 1884
2105 1145
2106 1226
2107 1365
2108 1608
2109 0859
2110 1139
2111 1238
2112 1297
2113 1482
2114 1667
2115 0921
2116 1965
2117 1235
2118 1351
2119 1553
2120 0799
2121 0970
2122 1200
2123 1264
2124 1395
2125 1664
2126 1778
2127 1116
2128 1206
2129 1329
2130 1561
2131 1733
2132 0991
2133 2014
2134 1262
2135 1382
2136 1483
2137 1726
2138 0984
2139 1212
2140 1269
2141 1424
2142 1604
2143 1731
2144 1106
2145 1192
2146 1276
2147 1467
2148 1631
2149 0888
2150 1982
2151 1261
2152 1293
2153 1424
2154 1670
2155 0966
2156 1138
2157 1251
2158 1307
2159 1560
2160 1720
2161 0993
2162 1173
2163 1272
2164 1487
2165 1612
2166 0886
2167 2001
2168 1269
2169 1383
2170 1549
2171 0828
2172 0989
2173 1180
2174 1316
2175 1419
2176 1566
2177 1753
2178 1116
2179 1177
2180 1310
2181 1537
2182 0805
2183 0978
2184 1155
2185 1294
2186 1470
2187 1647
2188 0903
2189 1990
2190 1269
2191 1331
2192 1540
2193 1790
2194 1026
2195 1233
2196 1251
2197 1427
2198 1605
2199 1772
2200 0983
2201 1154
2202 1212
2203 1288
2204 1438
2205 1687
2206 1836
2207 1207
2208 1272
2209 1372
2210 1801
2211 1052
2212 0997
2213 1201
2214 1279
2215 1472
2216 1656
2217 0924
2218 2025
2219 1267
2220 1359
2221 1484
2222 1715
2223 0972
2224 1155
2225 1240
2226 1428
2227 1586
2228 1782
2229 1142
2230 1220
2231 1250
2232 1455
2233 1604
2234 0883
2235 1979
2236 1256
2237 1355
2238 1494
2239 1744
2240 1003
2241 1203
2242 1271
2243 1396
2244 1591
2245 1779
2246 1055
2247 2191
2248 1376
2249 1576
2250 0819
2251 0958
2252 1159
2253 1229
2254 1399
2255 1596
2256 0866
2257 1991
2258 1259
2259 1355
2260 1530
2261 1740
2262 0985
2263 1144
2264 1236
2265 1450
2266 1657
2267 1775
2268 1091
2269 1199
2270 1283
2271 1458
2272 1632
2273 0928
2274 2683
2275 4671
2276 3850
2277 3017
2278 2192
2279 1372
2280 1534
2281 1380
2282 1435
2283 1566
2284 1745
2285 1004
2286 1237
2287 1361
2288 1492
2289 1673
2290 1813
2291 1076
2292 1205
2293 1387
2294 1501
2295 1579
2296 0847
2297 1072
2298 1254
2299 1308
2300 1512
2301 1671
2302 1822
2303 1152
2304 1627
2305 1251
2306 1016
2307 1016
2308 2070
2309 1221
2310 1383
2311 1521
2312 0788
2313 0962
2314 1118
2315 1192
2316 2194
2317 1327
2318 1431
2319 1527
2320 1617
2321 1773
2322 0955
2323 1060
2324 1145
2325 1247
2326 1278
2327 1323
2328 1453
2329 1742
2330 1028
2331 1767
2332 0955
2333 2027
2334 1247
2335 1309
2336 1407
2337 1526
2338 1647
2339 0981
2340 1054
2341 1190
2342 1219
2343 1407
2344 1549
2345 1696
2346 0948
2347 1074
2348 1246
2349 1294
2350 1463
2351 1672
2352 1789
2353 1029
2354 1217
2355 1271
2356 1450
2357 1587
2358 0853
2359 1920
2360 1171
2361 2178
2362 1341
2363 1526
2364 1731
2365 0967
2366 1152
2367 1243
2368 1274
2369 1434
2370 1558
2371 1710
2372 1047
2373 1165
2374 1256
2375 1362
2376 1548
2377 1602
2378 1739
2379 0952
2380 2034
2381 1238
2382 1248
2383 1297
2384 1392
2385 1475
2386 1638
2387 1717
2388 0911
2389 2639
2390 1744
2391 1194
2392 1287
2393 1307
2394 1399
2395 1503
2396 1661
2397 0845
2398 1891
2399 1104
2400 1278
2401 1300
2402 1432
2403 1563
2404 1671
2405 0859
2406 0928
2407 1069
2408 1179
2409 1240
2410 1286
2411 1403
2412 1467
2413 1555
2414 1638
2415 0861
2416 1892
2417 2041
2418 2116
2419 1293
2420 1327
2421 1422
2422 1564
2423 0786
2424 1077
2425 1121
2426 1284
2427 1420
2428 1491
2429 1602
2430 1757
2431 0932
2432 2014
2433 1197
2434 1273
2435 1300
2436 1438
2437 1531
2438 1620
2439 1660
2440 0866
2441 1900
2442 1144
2443 1255
2444 1504
2445 1496
2446 1676
2447 1033
2448 1924
2449 1166
2450 1262
2451 1402
2452 1564
2453 1739
2454 1049
2455 1085
2456 1183
2457 1227
2458 1309
2459 1414
2460 1497
2461 1635
2462 1740
2463 0919
2464 1008
2465 1120
2466 1245
2467 1221
2468 1350
2469 1510
2470 1696
2471 1844
2472 1122
2473 1236
2474 1287
2475 1489
2476 1630
2477 0895
2478 1038
2479 1243
2480 1323
2481 1441
2482 1640
2483 1742
2484 1075
2485 1187
2486 1234
2487 1436
2488 1604
2489 0865
2490 1937
2491 1130
2492 2101
2493 1308
2494 1324
2495 1475
2496 1603
2497 0844
2498 1157
2499 1185
2500 1227
2501 1412
2502 1605
2503 0861
2504 1918
2505 1156
2506 1256
2507 1378
2508 1602
2509 0827
2510 1018
2511 2102
2512 1264
2513 1350
2514 1423
2515 1558
2516 1631
2517 0811
2518 0948
2519 2032
2520 2071
2521 2223
2522 1324
2523 1447
2524 1555
2525 1593
2526 1703
2527 0856
2528 0989
2529 1115
2530 2118
2531 1222
2532 1285
2533 1457
2534 1548
2535 1625
2536 0835
2537 0924
2538 1058
2539 1188
2540 2124
2541 1233
2542 1356
2543 1436
2544 1563
2545 1617
2546 1725
2547 1890
2548 1091
2549 1164
2550 1203
2551 1341
2552 1419
2553 1504
2554 1608
2555 1715
2556 1819
2557 0999
2558 1134
2559 1313
2560 1280
2561 1298
2562 1476
2563 1515
2564 1644
2565 1790
2566 1051
2567 2144
2568 1257
2569 1346
2570 1431
2571 1495
2572 1597
2573 1756
2574 1837
2575 1050
2576 1145
2577 1257
2578 1293
2579 1353
2580 1547
2581 1618
2582 0821
2583 1883
2584 1989
2585 2123
2586 1288
2587 1465
2588 1650
2589 0914
2590 1059
2591 1243
2592 1298
2593 1480
2594 1670
2595 1792
2596 1135
2597 1225
2598 1303
2599 1474
2600 1587
2601 0849
2602 1074
2603 1195
2604 1264
2605 1431
2606 1583
2607 1688
2608 0942
2609 0952
2610 1123
2611 1276
2612 1262
2613 1341
2614 1446
2615 1615
2616 1689
2617 0876
2618 0964
2619 2657
2620 4515
2621 3617
2622 2722
2623 1822
2624 1367
2625 1127
2626 0934
2627 1852
2628 1932
2629 1121
2630 2142
2631 1245
2632 1366
2633 1451
2634 1607
2635 1726
2636 1840
2637 1972
2638 1255
2639 1369
2640 1483
2641 1709
2642 0968
2643 1110
2644 1716
2645 1329
2646 1560
2647 1651
2648 0907
2649 1990
2650 1221
2651 1377
2652 1512
2653 1714
2654 0959
2655 1103
2656 1220
2657 1402
2658 1568
2659 1733
2660 1101
2661 1212
2662 1265
2663 1485
2664 1646
2665 0906
2666 1975
2667 1231
2668 1324
2669 1489
2670 1679
2671 0922
2672 1132
2673 1226
2674 1366
2675 1700
2676 1676
2677 1027
2678 1150
2679 1245
2680 1403
2681 1572
2682 0853
2683 1048
2684 1219
2685 1308
2686 1471
2687 1690
2688 1777
2689 1048
2690 2127
2691 1320
2692 1545
2693 1623
2694 0853
2695 1009
2696 1120
2697 1288
2698 1277
2699 1438
2700 1663
2701 0885
2702 1923
2703 1167
2704 1321
2705 1483
2706 1638
2707 0889
2708 1170
2709 1272
2710 1329
2711 1451
2712 1602
2713 0809
2714 0910
2715 1021
2716 1132
2717 1216
2718 1390
2719 1584
2720 0842
2721 1944
2722 1184
2723 1179
2724 1262
2725 1387
2726 1521
2727 1690
2728 0937
2729 2019
2730 2108
2731 1222
2732 1411
2733 1545
2734 1754
2735 0986
2736 1138
2737 1250
2738 1348
2739 1479
2740 1567
2741 1732
2742 0956
2743 1100
2744 1199
2745 1304
2746 1471
2747 1535
2748 1706
2749 1751
2750 0905
2751 1869
2752 2058
2753 2081
2754 1274
2755 1327
2756 1394
2757 1490
2758 1601
2759 1731
2760 0955
2761 1019
2762 1103
2763 2092
2764 2179
2765 1286
2766 1414
2767 1494
2768 1695
2769 0943
2770 1152
2771 1114
2772 1239
2773 1268
2774 1391
2775 1527
2776 1661
2777 0993
2778 1050
2779 1224
2780 1238
2781 1417
2782 1546
2783 1710
2784 1049
2785 1141
2786 1224
2787 1268
2788 1338
2789 1429
2790 1582
2791 0922
2792 1880
2793 1102
2794 2142
2795 1296
2796 1415
2797 1531
2798 1684
2799 0867
2800 0978
2801 1110
2802 1225
2803 1394
2804 1556
2805 0822
2806 1908
2807 1112
2808 2154
2809 1292
2810 1472
2811 1610
2812 0876
2813 0982
2814 1112
2815 1234
2816 1368
2817 1594
2818 1696
2819 0951
2820 1148
2821 1220
2822 1285
2823 1482
2824 1639
2825 1772
2826 1121
2827 1206
2828 1275
2829 1445
2830 1599
2831 0859
2832 1922
2833 1164
2834 1254
2835 1366
2836 1578
2837 0810
2838 1112
2839 1152
2840 1248
2841 1451
2842 1551
2843 0789
2844 1897
2845 1149
2846 1198
2847 1377
2848 1555
2849 1709
2850 0970
2851 1143
2852 1284
2853 1353
2854 1542
2855 1711
2856 1904
2857 1261
2858 1284
2859 1468
2860 1708
2861 0935
2862 1215
2863 1289
2864 1242
2865 1468
2866 1603
2867 0840
2868 1857
2869 1111
2870 1219
2871 1399
2872 1545
2873 1707
2874 0981
2875 1113
2876 1319
2877 1222
2878 1316
2879 1436
2880 1524
2881 1667
2882 1837
2883 1082
2884 2090
2885 1223
2886 1396
2887 1541
2888 1643
2889 0837
2890 0917
2891 1022
2892 1155
2893 1214
2894 1342
2895 1468
2896 1631
2897 0864
2898 1031
2899 1151
2900 1259
2901 1398
2902 1550
2903 1686
2904 1017
2905 1084
2906 1171
2907 1277
2908 1373
2909 1726
2910 1659
2911 0944
2912 1019
2913 2045
2914 1257
2915 1388
2916 1587
2917 1702
2918 0980
2919 1160
2920 1282
2921 1444
2922 1637
2923 0866
2924 1974
2925 1236
2926 1341
2927 1448
2928 1638
2929 0873
2930 1037
2931 2136
2932 1300
2933 1463
2934 1608
2935 0873
2936 0998
2937 1162
2938 1258
2939 1325
2940 1514
2941 1542
2942 1725
2943 0964
2944 1146
2945 1271
2946 1345
2947 1444
2948 1514
2949 1641
2950 1714
2951 0956
2952 2022
2953 1246
2954 1349
2955 1505
2956 1667
2957 0884
2958 1065
2959 2146
2960 1251
2961 1335
2962 1424
2963 1568
2964 0795
2965 1090
2966 1076
2967 1289
2968 1341
2969 1409
2970 1539
2971 2376
2972 1481
2973 3133
2974 2236
2975 1337
2976 1451
2977 1296
2978 1306
2979 1379
2980 1521
2981 1606
2982 1671
2983 1727
2984 0952
2985 1129
2986 1287
2987 1410
2988 1541
2989 0797
2990 1846
2991 1078
2992 2138
2993 1306
2994 1480
2995 1537
2996 1666
2997 0845
2998 1000
2999 1063
3000 1163
3001 2086
3002 1282
3003 1304
3004 1390
3005 1538
3006 1481
3007 1642
3008 1680
3009 0868
3010 0963
3011 1076
3012 1105
3013 1140
3014 2093
3015 1211
3016 1354
3017 1451
3018 1552
3019 1731
3020 0990
3021 1148
3022 1242
3023 1426
3024 1794
3025 1068
3026 1008
3027 2159
3028 1323
3029 1434
3030 1629
3031 1749
3032 1089
3033 1230
3034 1268
3035 1521
3036 1687
3037 0937
3038 1109
3039 1259
3040 1274
3041 1763
3042 1584
3043 1716
3044 1034
3045 1191
3046 1240
3047 1468
3048 1581
3049 0859
3050 1953
3051 1203
3052 1315
3053 1468
3054 1632
3055 0874
3056 1141
3057 1069
3058 1171
3059 1239
3060 1396
3061 1549
3062 1638
3063 1755
3064 0943
3065 1027
3066 1196
3067 1307
3068 1461
3069 1609
3070 0810
3071 0883
3072 1015
3073 1087
3074 2041
3075 2192
3076 1299
3077 1464
3078 1632
3079 0971
3080 1086
3081 1290
3082 1364
3083 1495
3084 1697
3085 1813
3086 1070
3087 1228
3088 1346
3089 1570
3090 0817
3091 0983
3092 1138
3093 1293
3094 1419
3095 1582
3096 0859
3097 1909
3098 1162
3099 1294
3100 1462
3101 1637
3102 0885
3103 1167
3104 1210
3105 1268
3106 1485
3107 1608
3108 0884
3109 1986
3110 1257
3111 1388
3112 1549
3113 0810
3114 0989
3115 1144
3116 1242
3117 1404
3118 1571
3119 1775
3120 1120
3121 1183
3122 1288
3123 1522
3124 1675
3125 0945
3126 1108
3127 1298
3128 1354
3129 1551
3130 0792
3131 1864
3132 1126
3133 1274
3134 1424
3135 1645
3136 1764
3137 1017
3138 2103
3139 1278
3140 1496
3141 1623
3142 0896
3143 1104
3144 1327
3145 1385
3146 1514
3147 1712
3148 1879
3149 1120
3150 1226
3151 1400
3152 1589
3153 0859
3154 1094
3155 1219
3156 1266
3157 1457
3158 1557
3159 1645
3160 1778
3161 1043
3162 2154
3163 1329
3164 1480
3165 1564
3166 1692
3167 0917
3168 1034
3169 1181
3170 2223
3171 1374
3172 1480
3173 1675
3174 1810
3175 1150
3176 1173
3177 1193
3178 1288
3179 1384
3180 1553
3181 1695
3182 0905
3183 1025
3184 1096
3185 1191
3186 1288
3187 1409
3188 1451
3189 1625
3190 1704
3191 0897
3192 1921
3193 1108
3194 1219
3195 1247
3196 1380
3197 1529
3198 1705
3199 1847
3200 1103
3201 2165
3202 1303
3203 1396
3204 1517
3205 1701
3206 0933
3207 1125
3208 1219
3209 1296
3210 1396
3211 1551
3212 1702
3213 1797
3214 1042
3215 2073
3216 1264
3217 1358
3218 1408
3219 1534
3220 1621
3221 0938
3222 0923
3223 1054
3224 1131
3225 1183
3226 1270
3227 1365
3228 1541
3229 1618
3230 1714
3231 0893
3232 0982
3233 1089
3234 1167
3235 2225
3236 1252
3237 1352
3238 1537
3239 1675
3240 0862
3241 0992
3242 1082
3243 1221
3244 1277
3245 1430
3246 1625
3247 1654
3248 0936
3249 0870
3250 1014
3251 1089
3252 1175
3253 1209
3254 1300
3255 1411
3256 1483
3257 1619
3258 1863
3259 1056
3260 1036
3261 1158
3262 1234
3263 1272
3264 1298
3265 1388
3266 1532
3267 1632
3268 0997
3269 1076
3270 1240
3271 1361
3272 1497
3273 1638
3274 1835
3275 1146
3276 1246
3277 1328
3278 1491
3279 1638
3280 0894
3281 1976
3282 1240
3283 1252
3284 1423
3285 1585
3286 0826
3287 1024
3288 2091
3289 1261
3290 1389
3291 1477
3292 1587
3293 1675
3294 1317
3295 1433
3296 1621
3297 0864
3298 1031
3299 1147
3300 1232
3301 1234
3302 1343
3303 1466
3304 1491
3305 1635
3306 1722
3307 0934
3308 1945
3309 1132
3310 1255
3311 1259
3312 1396
3313 1487
3314 1586
3315 1689
3316 0902
3317 1932
3318 1108
3319 1784
3320 0951
3321 2780
3322 1883
3323 1483
3324 1217
3325 0986
3326 1859
3327 1117
3328 1103
3329 2115
3330 1217
3331 1398
3332 1434
3333 1513
3334 1627
3335 0812
3336 0914
3337 0997
3338 1110
3339 2113
3340 1217
3341 1272
3342 1393
3343 1497
3344 1622
3345 1698
3346 0892
3347 0999
3348 1121
3349 1240
3350 1235
3351 1339
3352 1421
3353 1566
3354 1714
3355 1681
3356 1853
3357 1037
3358 1134
3359 1252
3360 1240
3361 1326
3362 1477
3363 1541
3364 1745
3365 0934
3366 1066
3367 1105
3368 1190
3369 1232
3370 1292
3371 1551
3372 1479
3373 1568
3374 1650
3375 1773
3376 0933
3377 0998
3378 1106
3379 1175
3380 2191
3381 1293
3382 1414
3383 1464
3384 1636
3385 1704
3386 0891
3387 1016
3388 1103
3389 1246
3390 1298
3391 1261
3392 1379
3393 1527
3394 1614
3395 0938
3396 0999
3397 2046
3398 2091
3399 1272
3400 1330
3401 1465
3402 1580
3403 1699
3404 0999
3405 1032
3406 1051
3407 1227
3408 1273
3409 1315
3410 1443
3411 1561
3412 1644
3413 1512
3414 1579
3415 1682
3416 0861
3417 0971
3418 1131
3419 1203
3420 1246
3421 1363
3422 1546
3423 1613
3424 1781
3425 0994
3426 1130
3427 1301
3428 1393
3429 1550
3430 1630
3431 0872
3432 1040
3433 2163
3434 1326
3435 1492
3436 1636
3437 1805
3438 1128
3439 1207
3440 1275
3441 1494
3442 1637
3443 0885
3444 1922
3445 1176
3446 1255
3447 1420
3448 1572
3449 0810
3450 1071
3451 1084
3452 1305
3453 1414
3454 1551
3455 1696
3456 1808
3457 1032
3458 2114
3459 1235
3460 1439
3461 1574
3462 0846
3463 1028
3464 1180
3465 1205
3466 1412
3467 1519
3468 1679
3469 0927
3470 1104
3471 1285
3472 1341
3473 1467
3474 1657
3475 1745
3476 1104
3477 1219
3478 1322
3479 1396
3480 1583
3481 0844
3482 1903
3483 1169
3484 1279
3485 1392
3486 1675
3487 1699
3488 1025
3489 1099
3490 2156
3491 1311
3492 1504
3493 1625
3494 1669
3495 1005
3496 1052
3497 1262
3498 1333
3499 1457
3500 1612
3501 1755
3502 1012
3503 2058
3504 1216
3505 1404
3506 1591
3507 0827
3508 0988
3509 2105
3510 1269
3511 1379
3512 1553
3513 1581
3514 1687
3515 0900
3516 1077
3517 1231
3518 1242
3519 1484
3520 1631
3521 0895
3522 1021
3523 2160
3524 1328
3525 1475
3526 1586
3527 1738
3528 1092
3529 1134
3530 1223
3531 1419
3532 1573
3533 0825
3534 1934
3535 1214
3536 1308
3537 1425
3538 1622
3539 1727
3540 1065
3541 1173
3542 1227
3543 1402
3544 1589
3545 0839
3546 1942
3547 1185
3548 1286
3549 1438
3550 1544
3551 0781
3552 1086
3553 1165
3554 1252
3555 1470
3556 1594
3557 0851
3558 1952
3559 1190
3560 1247
3561 1400
3562 1550
3563 1690
3564 1040
3565 1156
3566 1238
3567 1388
3568 1541
3569 1707
3570 1890
3571 1155
3572 1243
3573 1405
3574 1579
3575 0822
3576 1075
3577 1186
3578 1241
3579 1439
3580 1599
3581 0854
3582 1890
3583 1154
3584 2173
3585 1318
3586 1490
3587 1628
3588 0881
3589 1028
3590 1223
3591 1265
3592 1431
3593 1594
3594 1788
3595 1153
3596 1217
3597 1254
3598 1452
3599 1617
3600 0849
3601 1910
3602 1160
3603 1269
3604 1371
3605 1749
3606 0979
3607 1048
3608 1165
3609 1222
3610 1357
3611 1542
3612 1721
3613 1853
3614 1109
3615 1246
3616 1393
3617 1583
3618 0816
3619 1101
3620 1162
3621 1201
3622 1418
3623 1549
3624 0827
3625 1853
3626 1107
3627 1214
3628 1467
3629 1622
3630 1744
3631 1053
3632 1137
3633 1202
3634 1363
3635 1511
3636 1725
3637 1831
3638 1066
3639 2140
3640 1309
3641 1527
3642 1613
3643 0881
3644 1073
3645 1250
3646 1325
3647 1427
3648 1644
3649 1787
3650 1036
3651 2179
3652 1347
3653 1438
3654 1633
3655 0873
3656 1017
3657 1183
3658 1271
3659 1445
3660 1572
3661 1792
3662 1085
3663 1155
3664 2197
3665 1364
3666 1466
3667 1581
3668 2281
3669 1483
3670 3105
3671 2203
3672 1301
3673 1362
3674 1301
3675 1319
3676 1413
3677 1560
3678 1655
3679 0824
3680 1816
3681 1007
3682 1138
3683 1215
3684 1264
3685 1312
3686 1453
3687 1505
3688 1658
3689 1702
3690 0900
3691 1906
3692 1116
3693 1218
3694 1263
3695 1260
3696 1303
3697 1460
3698 1540
3699 1656
3700 1746
3701 0919
3702 1879
3703 1120
3704 1237
3705 1371
3706 1467
3707 1560
3708 1663
3709 0835
3710 0954
3711 1056
3712 1140
3713 2162
3714 1261
3715 1366
3716 1453
3717 1587
3718 1683
3719 0872
3720 0923
3721 1202
3722 1166
3723 1276
3724 1292
3725 1347
3726 1474
3727 1523
3728 1676
3729 1802
3730 0970
3731 1041
3732 1137
3733 1248
3734 1253
3735 1363
3736 1481
3737 1541
3738 1644
3739 0827
3740 0924
3741 1010
3742 1133
3743 1253
3744 1238
3745 1294
3746 1534
3747 1643
3748 0907
3749 2000
3750 1261
3751 1359
3752 1446
3753 1534
3754 1633
3755 0859
3756 1845
3757 2020
3758 2050
3759 1223
3760 1298
3761 1455
3762 1615
3763 0871
3764 1101
3765 1187
3766 1261
3767 1363
3768 1510
3769 1612
3770 1719
3771 0949
3772 1118
3773 1219
3774 1391
3775 1450
3776 1566
3777 1649
3778 1760
3779 1849
3780 1033
3781 1163
3782 1274
3783 1318
3784 1457
3785 1598
3786 1694
3787 0953
3788 0913
3789 1010
3790 1183
3791 1237
3792 1279
3793 1384
3794 1510
3795 1589
3796 1719
3797 0902
3798 0905
3799 1052
3800 1176
3801 2185
3802 1288
3803 1384
3804 1428
3805 1581
3806 1672
3807 0865
3808 0905
3809 1008
3810 1123
3811 1256
3812 1269
3813 1354
3814 1458
3815 1584
3816 1697
3817 0900
3818 1032
3819 1104
3820 1230
3821 1322
3822 1369
3823 1588
3824 1638
3825 0887
3826 1913
3827 1091
3828 1200
3829 1236
3830 1375
3831 1458
3832 1547
3833 1819
3834 1007
3835 0931
3836 1028
3837 1127
3838 1219
3839 1257
3840 1361
3841 1531
3842 1586
3843 1689
3844 0863
3845 0981
3846 1055
3847 1183
3848 2193
3849 1292
3850 1430
3851 1580
3852 0842
3853 0909
3854 0993
3855 1111
3856 1227
3857 1239
3858 1378
3859 1575
3860 1651
3861 0947
3862 1038
3863 2150
3864 1316
3865 1447
3866 1569
3867 1698
3868 1058
3869 1183
3870 1262
3871 1437
3872 1623
3873 0865
3874 1072
3875 1206
3876 1318
3877 1424
3878 1568
3879 1745
3880 1094
3881 1143
3882 1239
3883 1464
3884 1622
3885 0881
3886 1913
3887 1174
3888 1241
3889 1398
3890 1634
3891 0870
3892 1138
3893 1194
3894 1316
3895 1460
3896 1721
3897 0892
3898 1129
3899 1169
3900 1268
3901 1436
3902 1654
3903 1818
3904 1067
3905 1168
3906 1329
3907 1504
3908 1622
3909 0904
3910 1068
3911 1234
3912 1334
3913 1478
3914 1680
3915 1837
3916 1197
3917 1189
3918 1353
3919 1516
3920 1662
3921 0920
3922 1100
3923 1242
3924 1345
3925 1543
3926 1731
3927 1850
3928 1177
3929 1198
3930 1350
3931 1528
3932 0772
3933 1041
3934 1029
3935 1137
3936 2201
3937 1303
3938 1482
3939 1488
3940 1580
3941 1664
3942 0869
3943 0963
3944 1127
3945 1212
3946 1210
3947 1306
3948 1372
3949 1540
3950 1775
3951 0959
3952 0879
3953 0949
3954 1055
3955 1150
3956 1192
3957 1304
3958 1378
3959 1472
3960 1572
3961 1676
3962 0878
3963 0972
3964 1092
3965 1183
3966 1295
3967 1368
3968 1435
3969 1528
3970 1610
3971 0905
3972 0883
3973 0981
3974 1112
3975 2116
3976 2205
3977 1308
3978 1508
3979 1520
3980 1733
3981 0973
3982 1105
3983 1120
3984 1218
3985 1281
3986 1380
3987 1467
3988 1703
3989 1758
3990 0889
3991 0979
3992 1137
3993 1267
3994 1400
3995 1507
3996 1630
3997 1736
3998 0938
3999 1935
4000 1130
4001 1270
4002 1206
4003 1358
4004 1435
4005 1582
4006 1669
4007 1814
4008 0992
4009 1087
4010 1760
4011 0952
4012 2685
4013 1781
4014 1379
4015 1008
4016 1663
4017 1818
4018 1080
4019 1076
4020 1193
4021 1285
4022 1287
4023 1400
4024 1509
4025 1617
4026 1732
4027 0923
4028 0965
4029 1061
4030 2175
4031 1271
4032 1256
4033 1386
4034 1515
4035 1648
4036 1751
4037 0952
4038 1949
4039 1118
4040 1175
4041 1292
4042 1339
4043 1425
4044 1537
4045 1628
4046 0923
4047 0896
4048 1029
4049 1144
4050 1229
4051 2196
4052 1289
4053 1458
4054 1540
4055 1679
4056 0865
4057 0959
4058 1020
4059 1068
4060 2120
4061 1222
4062 1481
4063 1378
4064 1545
4065 1582
4066 1758
4067 0946
4068 1046
4069 1120
4070 1199
4071 2159
4072 1261
4073 1386
4074 1479
4075 1630
4076 1699
4077 0880
4078 0974
4079 1122
4080 1233
4081 1234
4082 1332
4083 1396
4084 1550
4085 1654
4086 0867
4087 0917
4088 1042
4089 1136
4090 1245
4091 1271
4092 1337
4093 1444
4094 1527
4095 1661
4096 0833
4097 0904
4098 1003
4099 1132
4100 1187
4101 1271
4102 1347
4103 1477
4104 1630
4105 1789
4106 0996
4107 1094
4108 1219
4109 1235
4110 1369
4111 1471
4112 1527
4113 1644
4114 0830
4115 0926
4116 1055
4117 1172
4118 2180
4119 1279
4120 1370
4121 1438
4122 1574
4123 1641
4124 0854
4125 0937
4126 1029
4127 1120
4128 1214
4129 1289
4130 1340
4131 1483
4132 1599
4133 0903
4134 1807
4135 0987
4136 1083
4137 2142
4138 1247
4139 1292
4140 1382
4141 1484
4142 1618
4143 1688
4144 0878
4145 1890
4146 2029
4147 2124
4148 1209
4149 1334
4150 1371
4151 1501
4152 1541
4153 1698
4154 0868
4155 0941
4156 1051
4157 1184
4158 1221
4159 1269
4160 1338
4161 1475
4162 1568
4163 1647
4164 1784
4165 1879
4166 1075
4167 1188
4168 1264
4169 1335
4170 1415
4171 1511
4172 1583
4173 0876
4174 1809
4175 0999
4176 1115
4177 2142
4178 1233
4179 1328
4180 1450
4181 1598
4182 0935
4183 1957
4184 1152
4185 2219
4186 1326
4187 1391
4188 1477
4189 1570
4190 1609
4191 1730
4192 0896
4193 1051
4194 1149
4195 1332
4196 1391
4197 1503
4198 1654
4199 1813
4200 1074
4201 2198
4202 1365
4203 1493
4204 1683
4205 0931
4206 1094
4207 1166
4208 1264
4209 1311
4210 1437
4211 1437
4212 1588
4213 1651
4214 0869
4215 1917
4216 1134
4217 1207
4218 1363
4219 1563
4220 1714
4221 0981
4222 1179
4223 1213
4224 1303
4225 1463
4226 1660
4227 1851
4228 1196
4229 1196
4230 1359
4231 1516
4232 1651
4233 0990
4234 1093
4235 1267
4236 1356
4237 1515
4238 1681
4239 1848
4240 1198
4241 1258
4242 1338
4243 1482
4244 1646
4245 0908
4246 1075
4247 1240
4248 1305
4249 1399
4250 1529
4251 1637
4252 0834
4253 1843
4254 1041
4255 1107
4256 1216
4257 1270
4258 1288
4259 1441
4260 1476
4261 1620
4262 1697
4263 0873
4264 1872
4265 1071
4266 1169
4267 1248
4268 1330
4269 1398
4270 1549
4271 1615
4272 0915
4273 1818
4274 1014
4275 1086
4276 2159
4277 1262
4278 1307
4279 1415
4280 1534
4281 1664
4282 0847
4283 0923
4284 1013
4285 1089
4286 2072
4287 1272
4288 1487
4289 1406
4290 1544
4291 1596
4292 1691
4293 0864
4294 1862
4295 1973
4296 2117
4297 1217
4298 1270
4299 1336
4300 1434
4301 1558
4302 1620
4303 1754
4304 1824
4305 1020
4306 1136
4307 1258
4308 1311
4309 1360
4310 1439
4311 1574
4312 1681
4313 0863
4314 0960
4315 1035
4316 1172
4317 2173
4318 1273
4319 1375
4320 1480
4321 1685
4322 0949
4323 1019
4324 1114
4325 1211
4326 1251
4327 1316
4328 1462
4329 1590
4330 0908
4331 0935
4332 1150
4333 1266
4334 1311
4335 1500
4336 1664
4337 0916
4338 1123
4339 1317
4340 1355
4341 1518
4342 1638
4343 1763
4344 1023
4345 2099
4346 1220
4347 1399
4348 2126
4349 1322
4350 3111
4351 2207
4352 1305
4353 1357
4354 2061
4355 2144
4356 1244
4357 1348
4358 1442
4359 1560
4360 1667
4361 0887
4362 1004
4363 1087
4364 1143
4365 1273
4366 1268
4367 1398
4368 1506
4369 1575
4370 1670
4371 0847
4372 0942
4373 1082
4374 1160
4375 2169
4376 1269
4377 1330
4378 1461
4379 1594
4380 1658
4381 0835
4382 0929
4383 1048
4384 1121
4385 2154
4386 1254
4387 1367
4388 1476
4389 1550
4390 1603
4391 1700
4392 1854
4393 1935
4394 1125
4395 1251
4396 1274
4397 1405
4398 1491
4399 1613
4400 1847
4401 1006
4402 1817
4403 1001
4404 1152
4405 1226
4406 1287
4407 1357
4408 1490
4409 1526
4410 1604
4411 1759
4412 0964
4413 1062
4414 1176
4415 1250
4416 1303
4417 1424
4418 1470
4419 1601
4420 1700
4421 0902
4422 1913
4423 1114
4424 1132
4425 1265
4426 1278
4427 1361
4428 1520
4429 1630
4430 0908
4431 0895
4432 0974
4433 1084
4434 2131
4435 2188
4436 1288
4437 1429
4438 1500
4439 1569
4440 1647
4441 0828
4442 0956
4443 1049
4444 1178
4445 2170
4446 1273
4447 1350
4448 1485
4449 1561
4450 1655
4451 0845
4452 0921
4453 1038
4454 1130
4455 2159
4456 1259
4457 1361
4458 1441
4459 1595
4460 1641
4461 1752
4462 1840
4463 1031
4464 1146
4465 1248
4466 1257
4467 1345
4468 1450
4469 1603
4470 1668
4471 0848
4472 0960
4473 1074
4474 1132
4475 2107
4476 1245
4477 1398
4478 1513
4479 1540
4480 1660
4481 0898
4482 1050
4483 1224
4484 1285
4485 1422
4486 1569
4487 1778
4488 1107
4489 1184
4490 1728
4491 1404
4492 1543
4493 1686
4494 1755
4495 1011
4496 2065
4497 1247
4498 1296
4499 1419
4500 1479
4501 1537
4502 1649
4503 0820
4504 0963
4505 1008
4506 1149
4507 2106
4508 1295
4509 1348
4510 1423
4511 1520
4512 1816
4513 1002
4514 1806
4515 1000
4516 1095
4517 1120
4518 1203
4519 1278
4520 1465
4521 1542
4522 1680
4523 0915
4524 1112
4525 1258
4526 1262
4527 1397
4528 1565
4529 0823
4530 1883
4531 1125
4532 1274
4533 1385
4534 1548
4535 1610
4536 0875
4537 1986
4538 1244
4539 1305
4540 1470
4541 1689
4542 0917
4543 1160
4544 1174
4545 1298
4546 1485
4547 1604
4548 0874
4549 1043
4550 1272
4551 1307
4552 1330
4553 1508
4554 1695
4555 1001
4556 0943
4557 1061
4558 1126
4559 1200
4560 1415
4561 1577
4562 0804
4563 1849
4564 1079
4565 2167
4566 1326
4567 1476
4568 1648
4569 0900
4570 1049
4571 1207
4572 1336
4573 1507
4574 1654
4575 1772
4576 1147
4577 1256
4578 1375
4579 1544
4580 1720
4581 1004
4582 1142
4583 1273
4584 1440
4585 1563
4586 0830
4587 1951
4588 1210
4589 1320
4590 1518
4591 1689
4592 0922
4593 1190
4594 1285
4595 1356
4596 1530
4597 1652
4598 0919
4599 1107
4600 1203
4601 1381
4602 1486
4603 1715
4604 1836
4605 1110
4606 1227
4607 1379
4608 2116
4609 1302
4610 1334
4611 1525
4612 0795
4613 1871
4614 1069
4615 2048
4616 2211
4617 1339
4618 1413
4619 1504
4620 1605
4621 1700
4622 0874
4623 0982
4624 1086
4625 2122
4626 1243
4627 1294
4628 1404
4629 1668
4630 0949
4631 1698
4632 0881
4633 1877
4634 1980
4635 2066
4636 1263
4637 1358
4638 1430
4639 1530
4640 1638
4641 1369
4642 1459
4643 1616
4644 0810
4645 0977
4646 1102
4647 1246
4648 1325
4649 1501
4650 1661
4651 1818
4652 1165
4653 1223
4654 1347
4655 1490
4656 1595
4657 0827
4658 0972
4659 1149
4660 1243
4661 1407
4662 1556
4663 1648
4664 0936
4665 0986
4666 1097
4667 1168
4668 1213
4669 1251
4670 1432
4671 1563
4672 1746
4673 1915
4674 1159
4675 1249
4676 1412
4677 1528
4678 1642
4679 1758
4680 0972
4681 1967
4682 1156
4683 1257
4684 1331
4685 1420
4686 1505
4687 1627
4688 1703
4689 2457
4690 4384
4691 3487
4692 2587
4693 1686
4694 1241
4695 0911
4696 1518
4697 1623
4698 1650
4699 0870
4700 0971
4701 1063
4702 1195
4703 1211
4704 1318
4705 1424
4706 1512
4707 1565
4708 1687
4709 1795
4710 0985
4711 1062
4712 1192
4713 1245
4714 1327
4715 1304
4716 1449
4717 1547
4718 1629
4719 0869
4720 1019
4721 1137
4722 1282
4723 1229
4724 1373
4725 1537
4726 1686
4727 1826
4728 1044
4729 2067
4730 1304
4731 1374
4732 1549
4733 0794
4734 0931
4735 1002
4736 2087
4737 1247
4738 1418
4739 1551
4740 1746
4741 0982
4742 1162
4743 1417
4744 1330
4745 1497
4746 1664
4747 0918
4748 1089
4749 2121
4750 2169
4751 1269
4752 1412
4753 1521
4754 1649
4755 0894
4756 1068
4757 1270
4758 1312
4759 1473
4760 1602
4761 0871
4762 2009
4763 1274
4764 1347
4765 1497
4766 1710
4767 0953
4768 1203
4769 1200
4770 1233
4771 1403
4772 1564
4773 0808
4774 1880
4775 1141
4776 1248
4777 1375
4778 1559
4779 1685
4780 1015
4781 1110
4782 1218
4783 1318
4784 1399
4785 1483
4786 1587
4787 1726
4788 0898
4789 0970
4790 1064
4791 1138
4792 2197
4793 1298
4794 1372
4795 1533
4796 1716
4797 0959
4798 1103
4799 1254
4800 1293
4801 1396
4802 1492
4803 1587
4804 1698
4805 0837
4806 0916
4807 1046
4808 1126
4809 2150
4810 1250
4811 1324
4812 1432
4813 1528
4814 1672
4815 1705
4816 0866
4817 1888
4818 1082
4819 1143
4820 1336
4821 1266
4822 1351
4823 1462
4824 1791
4825 1669
4826 0875
4827 0973
4828 1067
4829 1117
4830 2154
4831 1258
4832 1379
4833 1491
4834 1599
4835 1675
4836 0858
4837 0940
4838 1104
4839 1143
4840 1168
4841 2211
4842 1283
4843 1388
4844 1451
4845 1620
4846 1738
4847 0941
4848 1019
4849 1117
4850 1258
4851 1256
4852 1350
4853 1463
4854 1553
4855 1620
4856 1875
4857 1781
4858 1927
4859 2003
4860 2125
4861 1226
4862 1258
4863 1256
4864 1371
4865 1468
4866 1566
4867 1667
4868 0828
4869 1929
4870 2002
4871 1184
4872 2058
4873 1319
4874 1274
4875 1385
4876 1578
4877 1646
4878 0947
4879 0959
4880 1213
4881 1144
4882 1203
4883 1210
4884 1309
4885 1411
4886 1499
4887 1627
4888 1688
4889 0890
4890 1856
4891 1038
4892 1177
4893 1268
4894 1308
4895 1406
4896 1535
4897 1678
4898 1015
4899 1114
4900 1196
4901 1417
4902 1499
4903 1708
4904 1862
4905 1086
4906 2172
4907 1323
4908 1468
4909 1564
4910 0827
4911 0954
4912 1081
4913 1165
4914 2230
4915 1332
4916 1385
4917 1479
4918 1573
4919 1637
4920 1757
4921 0947
4922 1031
4923 1128
4924 1275
4925 1265
4926 1410
4927 1415
4928 1543
4929 1607
4930 1759
4931 1851
4932 1032
4933 1154
4934 1219
4935 1266
4936 1404
4937 1493
4938 1518
4939 1658
4940 0833
4941 0933
4942 1032
4943 1094
4944 2182
4945 1278
4946 1369
4947 1449
4948 1543
4949 1684
4950 0867
4951 0964
4952 0956
4953 1099
4954 1219
4955 2200
4956 1303
4957 1423
4958 1486
4959 1626
4960 1693
4961 0864
4962 0973
4963 1051
4964 1141
4965 2207
4966 1303
4967 1414
4968 1709
4969 1588
4970 1708
4971 0877
4972 1925
4973 1977
4974 1176
4975 2145
4976 1247
4977 1329
4978 1460
4979 1558
4980 1621
4981 0811
4982 0917
4983 1034
4984 1091
4985 2115
4986 2212
4987 1315
4988 1412
4989 1571
4990 1639
4991 0811
4992 0873
4993 1046
4994 1125
4995 2122
4996 1223
4997 1325
4998 1401
4999 1533
5000 1583
5001 1716
5002 0892
5003 1014
5004 1133
5005 1190
5006 1227
5007 1369
5008 1492
5009 1624
5010 0896
5011 1026
5012 1156
5013 1259
5014 1452
5015 1643
5016 1799
5017 1004
5018 1143
5019 1310
5020 1444
5021 1582
5022 1695
5023 1835
5024 1100
5025 2166
5026 1279
5027 1435
5028 2170
5029 1372
5030 3133
5031 2232
5032 1335
5033 1437
5034 1178
5035 2152
5036 1289
5037 1405
5038 1499
5039 1613
5040 1758
5041 1801
5042 1868
5043 1048
5044 1203
5045 1300
5046 1278
5047 1348
5048 1468
5049 1518
5050 1664
5051 1730
5052 0926
5053 1028
5054 1169
5055 1258
5056 1271
5057 1382
5058 1472
5059 1632
5060 0824
5061 1769
5062 1854
5063 1033
5064 2076
5065 1354
5066 1293
5067 1382
5068 1529
5069 1606
5070 1700
5071 0902
5072 1048
5073 1126
5074 1237
5075 1275
5076 1360
5077 1501
5078 1546
5079 0839
5080 1950
5081 1144
5082 1071
5083 2075
5084 2145
5085 1246
5086 1364
5087 1437
5088 1495
5089 1594
5090 1674
5091 0831
5092 0927
5093 1034
5094 1139
5095 2130
5096 1280
5097 1332
5098 1450
5099 1642
5100 0807
5101 1037
5102 1131
5103 1261
5104 1300
5105 1405
5106 1606
5107 1683
5108 0935
5109 1996
5110 1254
5111 1325
5112 1415
5113 1603
5114 0845
5115 1043
5116 2144
5117 1305
5118 1453
5119 1604
5120 0827
5121 0944
5122 1070
5123 1077
5124 2158
5125 1297
5126 1415
5127 1555
5128 1727
5129 1073
5130 1108
5131 2217
5132 1368
5133 1477
5134 1592
5135 1789
5136 1123
5137 1168
5138 2241
5139 1387
5140 1542
5141 0798
5142 1849
5143 1186
5144 1194
5145 1217
5146 1352
5147 1481
5148 1696
5149 1791
5150 1032
5151 2123
5152 1293
5153 1425
5154 1473
5155 1621
5156 1685
5157 0872
5158 0967
5159 1103
5160 1181
5161 1235
5162 1329
5163 1376
5164 1564
5165 1679
5166 0915
5167 1989
5168 2124
5169 1275
5170 1402
5171 1547
5172 1699
5173 0898
5174 1703
5175 0911
5176 1054
5177 1156
5178 1251
5179 1380
5180 1539
5181 1673
5182 1019
5183 1074
5184 1238
5185 1335
5186 1471
5187 1664
5188 1829
5189 1084
5190 1192
5191 1342
5192 1528
5193 1681
5194 1027
5195 1084
5196 1295
5197 1298
5198 1431
5199 1606
5200 1793
5201 1999
5202 1213
5203 1149
5204 1233
5205 1383
5206 1620
5207 1782
5208 1009
5209 1201
5210 1297
5211 1475
5212 1640
5213 0895
5214 1042
5215 1215
5216 1326
5217 1441
5218 1687
5219 1831
5220 1109
5221 2172
5222 1341
5223 1545
5224 1693
5225 0945
5226 1082
5227 1241
5228 1327
5229 1479
5230 1703
5231 1885
5232 1128
5233 1233
5234 1357
5235 1547
5236 1749
5237 1085
5238 1190
5239 1256
5240 1411
5241 1588
5242 0865
5243 1962
5244 1225
5245 1298
5246 1442
5247 1679
5248 0924
5249 1033
5250 1188
5251 1325
5252 1549
5253 1664
5254 0980
5255 2009
5256 1292
5257 1418
5258 1550
5259 0840
5260 1001
5261 1182
5262 1251
5263 1419
5264 1645
5265 1789
5266 1161
5267 1165
5268 1258
5269 1452
5270 1536
5271 1707
5272 1792
5273 1022
5274 2096
5275 1239
5276 1404
5277 1468
5278 1573
5279 1645
5280 0878
5281 1010
5282 1087
5283 1219
5284 1243
5285 1366
5286 1409
5287 1504
5288 1629
5289 1712
5290 1747
5291 0935
5292 1085
5293 1156
5294 1262
5295 1240
5296 1425
5297 1517
5298 1688
5299 1906
5300 1148
5301 1223
5302 1351
5303 1508
5304 1667
5305 0927
5306 1108
5307 1164
5308 1247
5309 1314
5310 1420
5311 1504
5312 1571
5313 1851
5314 1081
5315 1021
5316 1099
5317 1253
5318 1248
5319 1379
5320 1448
5321 1544
5322 1628
5323 0856
5324 1859
5325 1048
5326 1195
5327 1307
5328 1319
5329 1430
5330 1562
5331 1712
5332 1037
5333 1086
5334 1252
5335 1359
5336 1361
5337 1521
5338 1660
5339 1011
5340 1102
5341 1242
5342 1327
5343 1486
5344 1700
5345 1859
5346 1229
5347 1212
5348 1355
5349 1546
5350 1732
5351 1004
5352 1214
5353 1249
5354 1418
5355 1626
5356 0887
5357 1991
5358 1245
5359 1330
5360 1472
5361 1673
5362 0910
5363 1104
5364 2133
5365 1309
5366 1517
5367 1645
5368 0914
5369 1068
5370 2149
5371 1322
5372 1485
5373 1675
5374 1827
5375 1179
5376 1834
5377 3668
5378 2834
5379 2005
5380 1664
5381 1284
5382 1372
5383 1372
5384 1599
5385 1703
5386 1961
5387 1193
5388 1301
5389 1494
5390 1648
5391 0926
5392 1108
5393 2156
5394 1333
5395 1498
5396 1715
5397 1865
5398 1155
5399 1241
5400 1407
5401 1621
5402 0790
5403 0933
5404 1121
5405 1255
5406 1424
5407 1571
5408 0851
5409 1002
5410 1205
5411 1340
5412 1488
5413 1671
5414 1805
5415 1046
5416 2183
5417 1363
5418 1524
5419 1701
5420 0990
5421 1172
5422 1290
5423 1448
5424 1677
5425 0922
5426 1957
5427 1204
5428 1356
5429 1506
5430 1740
5431 0987
5432 1122
5433 1419
5434 1390
5435 1597
5436 1805
5437 1071
5438 1170
5439 1280
5440 1513
5441 1661
5442 0917
5443 2043
5444 1220
5445 1384
5446 1501
5447 1730
5448 0980
5449 1155
5450 1277
5451 1444
5452 1589
5453 1809
5454 1157
5455 1260
5456 1339
5457 1551
5458 1696
5459 0960
5460 1994
5461 1251
5462 1376
5463 1541
5464 1746
5465 0993
5466 1168
5467 1249
5468 1375
5469 1579
5470 1756
5471 1009
5472 2124
5473 1306
5474 1502
5475 1666
5476 0913
5477 1114
5478 1240
5479 1422
5480 1587
5481 0863
5482 1916
5483 1183
5484 1270
5485 1349
5486 1526
5487 1580
5488 1737
5489 0879
5490 1894
5491 2006
5492 1219
5493 1261
5494 1393
5495 1554
5496 1790
5497 0970
5498 1029
5499 1211
5500 1301
5501 1477
5502 1614
5503 1787
5504 1070
5505 2140
5506 1301
5507 1438
5508 1587
5509 0822
5510 0988
5511 1137
5512 1218
5513 1267
5514 1379
5515 1485
5516 1639
5517 1791
5518 1026
5519 2077
5520 1217
5521 1351
5522 1476
5523 1598
5524 0815
5525 0932
5526 1082
5527 1198
5528 1272
5529 1434
5530 1607
5531 1660
5532 0993
5533 1028
5534 1032
5535 1143
5536 1264
5537 1276
5538 1402
5539 1536
5540 1625
5541 0907
5542 1787
5543 0966
5544 1050
5545 2099
5546 2133
5547 1236
5548 1441
5549 1457
5550 1751
5551 0968
5552 0985
5553 1170
5554 1229
5555 1421
5556 1545
5557 0805
5558 1930
5559 1101
5560 2119
5561 2246
5562 1348
5563 1413
5564 1533
5565 1622
5566 1659
5567 0831
5568 0954
5569 0990
5570 1048
5571 2097
5572 1279
5573 1309
5574 1357
5575 1507
5576 1639
5577 0902
5578 1990
5579 2148
5580 1248
5581 1296
5582 1440
5583 1492
5584 1696
5585 1826
5586 1082
5587 2147
5588 1313
5589 1493
5590 1590
5591 1694
5592 0873
5593 0932
5594 1049
5595 1180
5596 1205
5597 1290
5598 1439
5599 1549
5600 1673
5601 1770
5602 0955
5603 1957
5604 1156
5605 1249
5606 1265
5607 1414
5608 1463
5609 1626
5610 1741
5611 0982
5612 2083
5613 1250
5614 1437
5615 1591
5616 0859
5617 0982
5618 2113
5619 1284
5620 1433
5621 1658
5622 1767
5623 1096
5624 1148
5625 1214
5626 1448
5627 1538
5628 1742
5629 1867
5630 1133
5631 1223
5632 1374
5633 1615
5634 0864
5635 1103
5636 1198
5637 1235
5638 1409
5639 1558
5640 1650
5641 1772
5642 0991
5643 1950
5644 1124
5645 1276
5646 1289
5647 1344
5648 1468
5649 1536
5650 1603
5651 1734
5652 0912
5653 0982
5654 1087
5655 1176
5656 2210
5657 1307
5658 1389
5659 1517
5660 1613
5661 1677
5662 0874
5663 0966
5664 1082
5665 1275
5666 1276
5667 1305
5668 1328
5669 1460
5670 1577
5671 0866
5672 1799
5673 1926
5674 1985
5675 2060
5676 2177
5677 1274
5678 1385
5679 1459
5680 1506
5681 1575
5682 1644
5683 1744
5684 0967
5685 1165
5686 1285
5687 1346
5688 1464
5689 1638
5690 1648
5691 0937
5692 0929
5693 1132
5694 1170
5695 1275
5696 2231
5697 1372
5698 1512
5699 1675
5700 0896
5701 1014
5702 1081
5703 1164
5704 1242
5705 1313
5706 1367
5707 1514
5708 1619
5709 1689
5710 0866
5711 1004
5712 1086
5713 1159
5714 1205
5715 1296
5716 1420
5717 1514
5718 1686
5719 1801
5720 1014
5721 2046
5722 2139
5723 1280
5724 2055
5725 1300
5726 3067
5727 2169
5728 1270
5729 1353
5730 1236
5731 2194
5732 1296
5733 1404
5734 1486
5735 1604
5736 1658
5737 1755
5738 1945
5739 1156
5740 1274
5741 1312
5742 1464
5743 1606
5744 0819
5745 0955
5746 1072
5747 1195
5748 1281
5749 1308
5750 1387
5751 1512
5752 1589
5753 1676
5754 0865
5755 0924
5756 1040
5757 1132
5758 2171
5759 1271
5760 1396
5761 1488
5762 1538
5763 1622
5764 1387
5765 1544
5766 1688
5767 0905
5768 1065
5769 1241
5770 1261
5771 1439
5772 1595
5773 0829
5774 1832
5775 1066
5776 2316
5777 1479
5778 1471
5779 1669
5780 0927
5781 1082
5782 1240
5783 1335
5784 1447
5785 1623
5786 1784
5787 1004
5788 1985
5789 1170
5790 1279
5791 1318
5792 1429
5793 1467
5794 1610
5795 1677
5796 0897
5797 1009
5798 1062
5799 1133
5800 1275
5801 1278
5802 1400
5803 1504
5804 1610
5805 0925
5806 0975
5807 1115
5808 1192
5809 1334
5810 1495
5811 1650
5812 0902
5813 1778
5814 1004
5815 2054
5816 1234
5817 1369
5818 1471
5819 1661
5820 0854
5821 0940
5822 1129
5823 1202
5824 1358
5825 1487
5826 1731
5827 1820
5828 1078
5829 1232
5830 1308
5831 1444
5832 1532
5833 1686
5834 1852
5835 0965
5836 2049
5837 1225
5838 1379
5839 1539
5840 0807
5841 0981
5842 2100
5843 1278
5844 1461
5845 1642
5846 1787
5847 1146
5848 1140
5849 2659
5850 1763
5851 1397
5852 1535
5853 1570
5854 1752
5855 0973
5856 2028
5857 2165
5858 1315
5859 1499
5860 1679
5861 0972
5862 1024
5863 1106
5864 1213
5865 1214
5866 1302
5867 1368
5868 1530
5869 1580
5870 1722
5871 1843
5872 1027
5873 1181
5874 1240
5875 1269
5876 1303
5877 1411
5878 1482
5879 1666
5880 0868
5881 1982
5882 2113
5883 1263
5884 1440
5885 1553
5886 0892
5887 0922
5888 1070
5889 1095
5890 2176
5891 1271
5892 1383
5893 1339
5894 1423
5895 1554
5896 1698
5897 0928
5898 2024
5899 1258
5900 1339
5901 1419
5902 1552
5903 1638
5904 0839
5905 1821
5906 1052
5907 1238
5908 1301
5909 1419
5910 1570
5911 0819
5912 1027
5913 1129
5914 1212
5915 1276
5916 1445
5917 1525
5918 1728
5919 0922
5920 0990
5921 1120
5922 1222
5923 1293
5924 1474
5925 1613
5926 1700
5927 0866
5928 1936
5929 1141
5930 1195
5931 1284
5932 1348
5933 1331
5934 1502
5935 1612
5936 0846
5937 1949
5938 1134
5939 2110
5940 1232
5941 1385
5942 1457
5943 1623
5944 0852
5945 1052
5946 1209
5947 1228
5948 1326
5949 1528
5950 1745
5951 1867
5952 1108
5953 2202
5954 1382
5955 1589
5956 0852
5957 1026
5958 1217
5959 1279
5960 1463
5961 1606
5962 0879
5963 1054
5964 1172
5965 1359
5966 1520
5967 1704
5968 1869
5969 1117
5970 1246
5971 1355
5972 1569
5973 0813
5974 1098
5975 1178
5976 1234
5977 1427
5978 1579
5979 0859
5980 1950
5981 1207
5982 1308
5983 1494
5984 1733
5985 0915
5986 1161
5987 1216
5988 1409
5989 1600
5990 1780
5991 1036
5992 1210
5993 1300
5994 1444
5995 1627
5996 0910
5997 1159
5998 1202
5999 1380
6000 1527
6001 1705
6002 1856
6003 1104
6004 2160
6005 1321
6006 1544
6007 0804
6008 0984
6009 1203
6010 1448
6011 1469
6012 1643
6013 0919
6014 1969
6015 1172
6016 1242
6017 1273
6018 1429
6019 1531
6020 1630
6021 1727
6022 0881
6023 1919
6024 1119
6025 1233
6026 1258
6027 1371
6028 1603
6029 0816
6030 1914
6031 1151
6032 1225
6033 1382
6034 1570
6035 1634
6036 0854
6037 1047
6038 2034
6039 2167
6040 1331
6041 1547
6042 1682
6043 1037
6044 1114
6045 1220
6046 1219
6047 1356
6048 1467
6049 1529
6050 1700
6051 0860
6052 0954
6053 1112
6054 1256
6055 1345
6056 1430
6057 1606
6058 1784
6059 1208
6060 1246
6061 1279
6062 1401
6063 1445
6064 1652
6065 0898
6066 1072
6067 1201
6068 1273
6069 1275
6070 1420
6071 2276
6072 1366
6073 3172
6074 2321
6075 1483
6076 1599
6077 0836
6078 1581
6079 1766
6080 1161
6081 1118
6082 1216
6083 1360
6084 1557
6085 1642
6086 0893
6087 1070
6088 1258
6089 1349
6090 1481
6091 1698
6092 1832
6093 1100
6094 1122
6095 1185
6096 1220
6097 1335
6098 1445
6099 1488
6100 1659
6101 1727
6102 0912
6103 1944
6104 1137
6105 1202
6106 1215
6107 1331
6108 1448
6109 1536
6110 1692
6111 0909
6112 1004
6113 1060
6114 1208
6115 1217
6116 1292
6117 1337
6118 1505
6119 1570
6120 1687
6121 1687
6122 0876
6123 1912
6124 1049
6125 1253
6126 1189
6127 1226
6128 1330
6129 1496
6130 1556
6131 1657
6132 0854
6133 1053
6134 1219
6135 1219
6136 1325
6137 1386
6138 1537
6139 1625
6140 0803
6141 1803
6142 0998
6143 1074
6144 2158
6145 1257
6146 1316
6147 1419
6148 1483
6149 1610
6150 1656
6151 0860
6152 1005
6153 1121
6154 1169
6155 1226
6156 1324
6157 1383
6158 1530
6159 1613
6160 1748
6161 0906
6162 0997
6163 1126
6164 1219
6165 2176
6166 1325
6167 1443
6168 1505
6169 1644
6170 1767
6171 0935
6172 1023
6173 1136
6174 1234
6175 1275
6176 1360
6177 1399
6178 1511
6179 1598
6180 1746
6181 1842
6182 1943
6183 2057
6184 1203
6185 1395
6186 1414
6187 1486
6188 1586
6189 1681
6190 0890
6191 1048
6192 1137
6193 1233
6194 1302
6195 1348
6196 1461
6197 1526
6198 0829
6199 1797
6200 1028
6201 1183
6202 1184
6203 1362
6204 1446
6205 1582
6206 1825
6207 1010
6208 1187
6209 1294
6210 1374
6211 1468
6212 1649
6213 1737
6214 1051
6215 1594
6216 1736
6217 0866
6218 1915
6219 1105
6220 2124
6221 1258
6222 1402
6223 1570
6224 0822
6225 1042
6226 1117
6227 1200
6228 1281
6229 1304
6230 1448
6231 1540
6232 1606
6233 0907
6234 1756
6235 0934
6236 1244
6237 2087
6238 2173
6239 1269
6240 1397
6241 1469
6242 1687
6243 0924
6244 1998
6245 2092
6246 1275
6247 1292
6248 1366
6249 1511
6250 1529
6251 1677
6252 0868
6253 0989
6254 1086
6255 1126
6256 2173
6257 1277
6258 1378
6259 1330
6260 1459
6261 1528
6262 1673
6263 0847
6264 0922
6265 1134
6266 2046
6267 2136
6268 1227
6269 1324
6270 1410
6271 1623
6272 1640
6273 1676
6274 0875
6275 1040
6276 1171
6277 2186
6278 1283
6279 1391
6280 1473
6281 1598
6282 1713
6283 1622
6284 0817
6285 0969
6286 2003
6287 2121
6288 2237
6289 1348
6290 1415
6291 1589
6292 0830
6293 0929
6294 0978
6295 1100
6296 2172
6297 1319
6298 1472
6299 1637
6300 0863
6301 1018
6302 1142
6303 1248
6304 1352
6305 1444
6306 1509
6307 1661
6308 0819
6309 1858
6310 1992
6311 2169
6312 1332
6313 1467
6314 1575
6315 1730
6316 0931
6317 1039
6318 2071
6319 1228
6320 1364
6321 1580
6322 1698
6323 0963
6324 0988
6325 1093
6326 1157
6327 1235
6328 1257
6329 1393
6330 1533
6331 1612
6332 0828
6333 1898
6334 1108
6335 1595
6336 1125
6337 1222
6338 1360
6339 1520
6340 1667
6341 0987
6342 1019
6343 1112
6344 1248
6345 1366
6346 1512
6347 1608
6348 0829
6349 1177
6350 1118
6351 1227
6352 1284
6353 1458
6354 1594
6355 0812
6356 1798
6357 0993
6358 2043
6359 1214
6360 1278
6361 1361
6362 1443
6363 1587
6364 0894
6365 1902
6366 1143
6367 1232
6368 1352
6369 1493
6370 1660
6371 0922
6372 0954
6373 1125
6374 1194
6375 1339
6376 1517
6377 1647
6378 0891
6379 1929
6380 1177
6381 1228
6382 1416
6383 1586
6384 0826
6385 1119
6386 1217
6387 1271
6388 1441
6389 1559
6390 1721
6391 1794
6392 1014
6393 2045
6394 1241
6395 1292
6396 1386
6397 1471
6398 1489
6399 1642
6400 0825
6401 0957
6402 1077
6403 1171
6404 1212
6405 1271
6406 1362
6407 1459
6408 1547
6409 2290
6410 4041
6411 3147
6412 2250
6413 1374
6414 1419
6415 1312
6416 1407
6417 1533
6418 1708
6419 0946
6420 1065
6421 1196
6422 1331
6423 1502
6424 1701
6425 0953
6426 1096
6427 1264
6428 1359
6429 1405
6430 1496
6431 1614
6432 1743
6433 0908
6434 1010
6435 1090
6436 2116
6437 1222
6438 1259
6439 1428
6440 1567
6441 1683
6442 1772
6443 0913
6444 1907
6445 1104
6446 1179
6447 1271
6448 1324
6449 1403
6450 1517
6451 1576
6452 1691
6453 0868
6454 0939
6455 1087
6456 1231
6457 1350
6458 1499
6459 1660
6460 1797
6461 1155
6462 1236
6463 1504
6464 1498
6465 1628
6466 0883
6467 1987
6468 1241
6469 1270
6470 1454
6471 1690
6472 0936
6473 1223
6474 1261
6475 1361
6476 1559
6477 1685
6478 0939
6479 1122
6480 1254
6481 1228
6482 1312
6483 1392
6484 1518
6485 1646
6486 0821
6487 1861
6488 1923
6489 1102
6490 2040
6491 1315
6492 1278
6493 1406
6494 1505
6495 1562
6496 1698
6497 0878
6498 1900
6499 1980
6500 1164
6501 2199
6502 1299
6503 1422
6504 1505
6505 1624
6506 1689
6507 1802
6508 1891
6509 1085
6510 1205
6511 1256
6512 1322
6513 1356
6514 1515
6515 1604
6516 0837
6517 1876
6518 1041
6519 1117
6520 1223
6521 1292
6522 1304
6523 1403
6524 1502
6525 1598
6526 1722
6527 0972
6528 1902
6529 1071
6530 1146
6531 1241
6532 1402
6533 1580
6534 0788
6535 1808
6536 0991
6537 1977
6538 2047
6539 2184
6540 1285
6541 1414
6542 1473
6543 1622
6544 1701
6545 0892
6546 1000
6547 1119
6548 1194
6549 1252
6550 1292
6551 1349
6552 1489
6553 1576
6554 1706
6555 0870
6556 1046
6557 1130
6558 1170
6559 1232
6560 1304
6561 1470
6562 1543
6563 1658
6564 1710
6565 0834
6566 1870
6567 1045
6568 1095
6569 2152
6570 1245
6571 1305
6572 1442
6573 1533
6574 1677
6575 1931
6576 1103
6577 1959
6578 1132
6579 1228
6580 1260
6581 1341
6582 1425
6583 1580
6584 1686
6585 0867
6586 0978
6587 1984
6588 2109
6589 1268
6590 1420
6591 1531
6592 1709
6593 0953
6594 2105
6595 1259
6596 1351
6597 1500
6598 1559
6599 1692
6600 0866
6601 1886
6602 1951
6603 1128
6604 2207
6605 1308
6606 1370
6607 1460
6608 1581
6609 1689
6610 0881
6611 0976
6612 1054
6613 1178
6614 1285
6615 1350
6616 1516
6617 1685
6618 1843
6619 1094
6620 2151
6621 1324
6622 1470
6623 1548
6624 1687
6625 0844
6626 0932
6627 1059
6628 1125
6629 2139
6630 1241
6631 1309
6632 1415
6633 1507
6634 1601
6635 1679
6636 0859
6637 0984
6638 1058
6639 1181
6640 2153
6641 1330
6642 1501
6643 1500
6644 1694
6645 0953
6646 1108
6647 2213
6648 1388
6649 1574
6650 1740
6651 1012
6652 1159
6653 1224
6654 1439
6655 1596
6656 0858
6657 1974
6658 1226
6659 1305
6660 1416
6661 1623
6662 0874
6663 1168
6664 1238
6665 1350
6666 1556
6667 1862
6668 1036
6669 1179
6670 1266
6671 1434
6672 1557
6673 1734
6674 1902
6675 1157
6676 1312
6677 1459
6678 1720
6679 0896
6680 1173
6681 1263
6682 1275
6683 1469
6684 1640
6685 0913
6686 2012
6687 1243
6688 1262
6689 1390
6690 1574
6691 1791
6692 1062
6693 0946
6694 1058
6695 1119
6696 1203
6697 1274
6698 1307
6699 1396
6700 1487
6701 1597
6702 1680
6703 0902
6704 0950
6705 1119
6706 1188
6707 1185
6708 1326
6709 1407
6710 1487
6711 1579
6712 1671
6713 1746
6714 0949
6715 1063
6716 1228
6717 1265
6718 1381
6719 1602
6720 1704
6721 0985
6722 1023
6723 1076
6724 1146
6725 1265
6726 1241
6727 1325
6728 1489
6729 1543
6730 1606
6731 1695
6732 0907
6733 1949
6734 1130
6735 1297
6736 1255
6737 1374
6738 1439
6739 1565
6740 1650
6741 0845
6742 1866
6743 1058
6744 1130
6745 1277
6746 1272
6747 1397
6748 1514
6749 1641
6750 0904
6751 1478
6752 3391
6753 2493
6754 1573
6755 1591
6756 0866
6757 1359
6758 1487
6759 1564
6760 1720
6761 0937
6762 1147
6763 1279
6764 1305
6765 1406
6766 1459
6767 1624
6768 0861
6769 0970
6770 1042
6771 1120
6772 2096
6773 1288
6774 1312
6775 1436
6776 1537
6777 1612
6778 0806
6779 1841
6780 1060
6781 1180
6782 1243
6783 1329
6784 1382
6785 1497
6786 1586
6787 1649
6788 1778
6789 0964
6790 1092
6791 1232
6792 1215
6793 1266
6794 1374
6795 1469
6796 1550
6797 1641
6798 0827
6799 1883
6800 1967
6801 2018
6802 1170
6803 1438
6804 1277
6805 1420
6806 1479
6807 1583
6808 1676
6809 0858
6810 1901
6811 2780
6812 2089
6813 1327
6814 1303
6815 1398
6816 1606
6817 0819
6818 1053
6819 1105
6820 1209
6821 1380
6822 1534
6823 1720
6824 1829
6825 1065
6826 1210
6827 1343
6828 1575
6829 1663
6830 1022
6831 1076
6832 1252
6833 1345
6834 1455
6835 1645
6836 1779
6837 1049
6838 1006
6839 2110
6840 1233
6841 1332
6842 1470
6843 1488
6844 1612
6845 1700
6846 0930
6847 1975
6848 1178
6849 1266
6850 1283
6851 1322
6852 1443
6853 1521
6854 1602
6855 0844
6856 1875
6857 1101
6858 1164
6859 1277
6860 1319
6861 1450
6862 1651
6863 1803
6864 1090
6865 1169
6866 1330
6867 1519
6868 1757
6869 1014
6870 1165
6871 1304
6872 1457
6873 1733
6874 0914
6875 1957
6876 1212
6877 1286
6878 1493
6879 1640
6880 0892
6881 1177
6882 1188
6883 1295
6884 1388
6885 1514
6886 1660
6887 1827
6888 1040
6889 2037
6890 1205
6891 1230
6892 1353
6893 1464
6894 1549
6895 1790
6896 1000
6897 1063
6898 1152
6899 2254
6900 1363
6901 1409
6902 1566
6903 1708
6904 1637
6905 0854
6906 1668
6907 0822
6908 1933
6909 2154
6910 1339
6911 1435
6912 1619
6913 0857
6914 0992
6915 1120
6916 1219
6917 1394
6918 1307
6919 1402
6920 1482
6921 1613
6922 1649
6923 0844
6924 0983
6925 1023
6926 1145
6927 2185
6928 1290
6929 1381
6930 1468
6931 1578
6932 1645
6933 1746
6934 0909
6935 1052
6936 1187
6937 1254
6938 1304
6939 1450
6940 1409
6941 1389
6942 1516
6943 1672
6944 0864
6945 0977
6946 1175
6947 1252
6948 1377
6949 1522
6950 1729
6951 1883
6952 1116
6953 2177
6954 1335
6955 1491
6956 1604
6957 0858
6958 1077
6959 1147
6960 1263
6961 1247
6962 1420
6963 1494
6964 1595
6965 1670
6966 0882
6967 1893
6968 1115
6969 1236
6970 1247
6971 1378
6972 2017
6973 1584
6974 1480
6975 1645
6976 1705
6977 0932
6978 1140
6979 1210
6980 1379
6981 1545
6982 1729
6983 1833
6984 1093
6985 2157
6986 1341
6987 1328
6988 1409
6989 1582
6990 1849
6991 1029
6992 1097
6993 2176
6994 1334
6995 1435
6996 1616
6997 1805
6998 1176
6999 1250
7000 1301
7001 1479
7002 1660
7003 0902
7004 2008
7005 1261
7006 1339
7007 1452
7008 1681
7009 0949
7010 1073
7011 2135
7012 1304
7013 1513
7014 1657
7015 0889
7016 0913
7017 1044
7018 1130
7019 1231
7020 1261
7021 1367
7022 1441
7023 1515
7024 1606
7025 1722
7026 0911
7027 1932
7028 1132
7029 1258
7030 1276
7031 1593
7032 1457
7033 1634
7034 1705
7035 0880
7036 1853
7037 1067
7038 1202
7039 1287
7040 1359
7041 1444
7042 1615
7043 1722
7044 0913
7045 1910
7046 1079
7047 1138
7048 1269
7049 1280
7050 1416
7051 1517
7052 1593
7053 1699
7054 0873
7055 0944
7056 1031
7057 1156
7058 2187
7059 1291
7060 1426
7061 1489
7062 1621
7063 1737
7064 0968
7065 1060
7066 1105
7067 1202
7068 1273
7069 1343
7070 1417
7071 1542
7072 1661
7073 0864
7074 1948
7075 1054
7076 1195
7077 1337
7078 1284
7079 1336
7080 1451
7081 1551
7082 1653
7083 1707
7084 0902
7085 1965
7086 1154
7087 1236
7088 1235
7089 1340
7090 2078
7091 3964
7092 3067
7093 2166
7094 1270
7095 1368
7096 2049
7097 2139
7098 1240
7099 1343
7100 1437
7101 1548
7102 1687
7103 0880
7104 0942
7105 1033
7106 1116
7107 1271
7108 1367
7109 1516
7110 1705
7111 1911
7112 1076
7113 2076
7114 1262
7115 1290
7116 1412
7117 1468
7118 1511
7119 1673
7120 1722
7121 0903
7122 2015
7123 1117
7124 1234
7125 1246
7126 1397
7127 1496
7128 1668
7129 1763
7130 0982
7131 1932
7132 1151
7133 1167
7134 1309
7135 1372
7136 1499
7137 1695
7138 1786
7139 1126
7140 1172
7141 1292
7142 1278
7143 1555
7144 1476
7145 1556
7146 1634
7147 1686
7148 0878
7149 1003
7150 1108
7151 1194
7152 1224
7153 1322
7154 1396
7155 1511
7156 1598
7157 1719
7158 1730
7159 0886
7160 0964
7161 1969
7162 2070
7163 1254
7164 1283
7165 1368
7166 1489
7167 1605
7168 1738
7169 0962
7170 2033
7171 2092
7172 1238
7173 1456
7174 1545
7175 1666
7176 1712
7177 0901
7178 0983
7179 2029
7180 2145
7181 1266
7182 1358
7183 1435
7184 1538
7185 1635
7186 0844
7187 1841
7188 1991
7189 2216
7190 1384
7191 1529
7192 1646
7193 0889
7194 0996
7195 1144
7196 1246
7197 1353
7198 1572
7199 1712
7200 1023
7201 1083
7202 1288
7203 1359
7204 1515
7205 1695
7206 1918
7207 1170
7208 1242
7209 1360
7210 1495
7211 1637
7212 0967
7213 1089
7214 1287
7215 1362
7216 1431
7217 1522
7218 1644
7219 0922
7220 1814
7221 1038
7222 1272
7223 1298
7224 1444
7225 1602
7226 0862
7227 1862
7228 1055
7229 2053
7230 1282
7231 1266
7232 1359
7233 1472
7234 1529
7235 1735
7236 0875
7237 1010
7238 1127
7239 1255
7240 2171
7241 1273
7242 1420
7243 1511
7244 1623
7245 1712
7246 0864
7247 0970
7248 1076
7249 1115
7250 1219
7251 1262
7252 1316
7253 1415
7254 1559
7255 1662
7256 1862
7257 1843
7258 1921
7259 1090
7260 1185
7261 1222
7262 1336
7263 1453
7264 1564
7265 1625
7266 1744
7267 0955
7268 1080
7269 1146
7270 1212
7271 2219
7272 1270
7273 1393
7274 1461
7275 1614
7276 1651
7277 0870
7278 0900
7279 1963
7280 2058
7281 2132
7282 2209
7283 1312
7284 1477
7285 1561
7286 1643
7287 1723
7288 0904
7289 1026
7290 1096
7291 1198
7292 1326
7293 1336
7294 1446
7295 1570
7296 1619
7297 0905
7298 1800
7299 0997
7300 1118
7301 2118
7302 2171
7303 1329
7304 1364
7305 1432
7306 1506
7307 1618
7308 0918
7309 1806
7310 1001
7311 1125
7312 2186
7313 1286
7314 1286
7315 1392
7316 1424
7317 1566
7318 1644
7319 1781
7320 1857
7321 1943
7322 2038
7323 1234
7324 1239
7325 1369
7326 1415
7327 1560
7328 1558
7329 1625
7330 1773
7331 0931
7332 1066
7333 1109
7334 1245
7335 1306
7336 1502
7337 1544
7338 1704
7339 1057
7340 1050
7341 1190
7342 1223
7343 1316
7344 1375
7345 1527
7346 1712
7347 1858
7348 0993
7349 1959
7350 1155
7351 1280
7352 1321
7353 1444
7354 1537
7355 1680
7356 1775
7357 0971
7358 1957
7359 1118
7360 1184
7361 1298
7362 1350
7363 1443
7364 1537
7365 1604
7366 1746
7367 0914
7368 1178
7369 1086
7370 1231
7371 1262
7372 1312
7373 1431
7374 1477
7375 1647
7376 1743
7377 0905
7378 1916
7379 1077
7380 1151
7381 1314
7382 1317
7383 1415
7384 1495
7385 1551
7386 1662
7387 0847
7388 0927
7389 1049
7390 1124
7391 2221
7392 1319
7393 1357
7394 1448
7395 1590
7396 1610
7397 1728
7398 0899
7399 0975
7400 1104
7401 1198
7402 1221
7403 1345
7404 1433
7405 1540
7406 1695
7407 0877
7408 0900
7409 1009
7410 1127
7411 2152
7412 1254
7413 1321
7414 1440
7415 1607
7416 1658
7417 0853
7418 0899
7419 1003
7420 1110
7421 1230
7422 1228
7423 1320
7424 1419
7425 1573
7426 2337
7427 1519
7428 3310
7429 2413
7430 1517
7431 1535
7432 1419
7433 1357
7434 1436
7435 1544
7436 1693
7437 0852
7438 0927
7439 1038
7440 1061
7441 2082
7442 1280
7443 1333
7444 1457
7445 1540
7446 1648
7447 0911
7448 0951
7449 0980
7450 1051
7451 2071
7452 2189
7453 1277
7454 1332
7455 1462
7456 1363
7457 1424
7458 1569
7459 1692
7460 0960
7461 1040
7462 1132
7463 1221
7464 1295
7465 1316
7466 1468
7467 1588
7468 1640
7469 0865
7470 1856
7471 1056
7472 1201
7473 1245
7474 1346
7475 1374
7476 1537
7477 1631
7478 0804
7479 1855
7480 1077
7481 1285
7482 1380
7483 1495
7484 1687
7485 0850
7486 1894
7487 1092
7488 2198
7489 1299
7490 1388
7491 1556
7492 1647
7493 0866
7494 0982
7495 1178
7496 1244
7497 1353
7498 1454
7499 1669
7500 1723
7501 0977
7502 1134
7503 1244
7504 1366
7505 1475
7506 1625
7507 1716
7508 0867
7509 1840
7510 1086
7511 1191
7512 1281
7513 1436
7514 1249
7515 1369
7516 1530
7517 1609
7518 1765
7519 0974
7520 2014
7521 1207
7522 1228
7523 1303
7524 1381
7525 1494
7526 1601
7527 1727
7528 0893
7529 1866
7530 1063
7531 1225
7532 1276
7533 1298
7534 1416
7535 1576
7536 1748
7537 1089
7538 1062
7539 1209
7540 1291
7541 1376
7542 1479
7543 1577
7544 1688
7545 0852
7546 1068
7547 1181
7548 1278
7549 1252
7550 1303
7551 1425
7552 1493
7553 1614
7554 1709
7555 0919
7556 1016
7557 1172
7558 1200
7559 1267
7560 1355
7561 1467
7562 1561
7563 1610
7564 0850
7565 1001
7566 1135
7567 1287
7568 1319
7569 1427
7570 1564
7571 1669
7572 0826
7573 1876
7574 1877
7575 1142
7576 2156
7577 1295
7578 1413
7579 1514
7580 1669
7581 0820
7582 0920
7583 1063
7584 2016
7585 2104
7586 1292
7587 1291
7588 1391
7589 1525
7590 1668
7591 0956
7592 1201
7593 1064
7594 1257
7595 1372
7596 1451
7597 1607
7598 0859
7599 1846
7600 1074
7601 1210
7602 1305
7603 1461
7604 1578
7605 1674
7606 1793
7607 1025
7608 2112
7609 1254
7610 1423
7611 1507
7612 1700
7613 0912
7614 0861
7615 0982
7616 1120
7617 2227
7618 1185
7619 2182
7620 1321
7621 1482
7622 1584
7623 0839
7624 0961
7625 1112
7626 1236
7627 1236
7628 1326
7629 1378
7630 1550
7631 1669
7632 0869
7633 1892
7634 1127
7635 1210
7636 1304
7637 1398
7638 1505
7639 1589
7640 1688
7641 0920
7642 1958
7643 1188
7644 1248
7645 1452
7646 1639
7647 0854
7648 1075
7649 1130
7650 1226
7651 1380
7652 1501
7653 1629
7654 1716
7655 0903
7656 1898
7657 1069
7658 1150
7659 1200
7660 1313
7661 1422
7662 1516
7663 1637
7664 1715
7665 0906
7666 1026
7667 1071
7668 1210
7669 1254
7670 1315
7671 1456
7672 1545
7673 1652
7674 1778
7675 1012
7676 2029
7677 1303
7678 1398
7679 1463
7680 1710
7681 0938
7682 1100
7683 1212
7684 1375
7685 1520
7686 1663
7687 0981
7688 1018
7689 1192
7690 1264
7691 1394
7692 1615
7693 1763
7694 1101
7695 1139
7696 1256
7697 1421
7698 1536
7699 1711
7700 1827
7701 1096
7702 2137
7703 1307
7704 1484
7705 1564
7706 1837
7707 1032
7708 0930
7709 1084
7710 2112
7711 1252
7712 1303
7713 1341
7714 1467
7715 1589
7716 1654
7717 0948
7718 1002
7719 1199
7720 1307
7721 1322
7722 1496
7723 1632
7724 0864
7725 1079
7726 1223
7727 1326
7728 1471
7729 1640
7730 1728
7731 0942
7732 2023
7733 2110
7734 2241
7735 1341
7736 1424
7737 1514
7738 1647
7739 0816
7740 0895
7741 0951
7742 1070
7743 2061
7744 1275
7745 1321
7746 1465
7747 1609
7748 0844
7749 1074
7750 2088
7751 1257
7752 1443
7753 1610
7754 0834
7755 1019
7756 1132
7757 1280
7758 1376
7759 1543
7760 1702
7761 0945
7762 1169
7763 1191
7764 1251
7765 1409
7766 1526
7767 2248
7768 3938
7769 3041
7770 2179
7771 1304
7772 1391
7773 1303
7774 1555
7775 1700
7776 1868
7777 1058
7778 1130
7779 1197
7780 1241
7781 1363
7782 1412
7783 1536
7784 1651
7785 0854
7786 1852
7787 1065
7788 1171
7789 1247
7790 1265
7791 1400
7792 1473
7793 1562
7794 1676
7795 0890
7796 1040
7797 1141
7798 1234
7799 1402
7800 1550
7801 1714
7802 1856
7803 1106
7804 2042
7805 1249
7806 1270
7807 1386
7808 1472
7809 1522
7810 1662
7811 0837
7812 0960
7813 1060
7814 1136
7815 1190
7816 1249
7817 1387
7818 1492
7819 1610
7820 1817
7821 0997
7822 1796
7823 0990
7824 1116
7825 1194
7826 1268
7827 1339
7828 1437
7829 1260
7830 1394
7831 1454
7832 1563
7833 1667
7834 0894
7835 1967
7836 1151
7837 1218
7838 1309
7839 1318
7840 1454
7841 1537
7842 1617
7843 0805
7844 0936
7845 1028
7846 1172
7847 2216
7848 1311
7849 1353
7850 1433
7851 1552
7852 1646
7853 0839
7854 0910
7855 1034
7856 2053
7857 2169
7858 1269
7859 1403
7860 1473
7861 1582
7862 1656
7863 0857
7864 0961
7865 1033
7866 1167
7867 2223
7868 1317
7869 1422
7870 1529
7871 1638
7872 0955
7873 1018
7874 1113
7875 1213
7876 1329
7877 1407
7878 1538
7879 1720
7880 1791
7881 0999
7882 1995
7883 2133
7884 1236
7885 1304
7886 1438
7887 1482
7888 1532
7889 1632
7890 0821
7891 1814
7892 1984
7893 2022
7894 2163
7895 1255
7896 1330
7897 1438
7898 1521
7899 1596
7900 1734
7901 0919
7902 1144
7903 1155
7904 1213
7905 1262
7906 1291
7907 1382
7908 1497
7909 1559
7910 1684
7911 1794
7912 1016
7913 1119
7914 1239
7915 1334
7916 1426
7917 1631
7918 1804
7919 1027
7920 2010
7921 1185
7922 1268
7923 1371
7924 1569
7925 1691
7926 1037
7927 1133
7928 1291
7929 1472
7930 1613
7931 0834
7932 2064
7933 1244
7934 2136
7935 1281
7936 1395
7937 1594
7938 0861
7939 0974
7940 1054
7941 1157
7942 1294
7943 2271
7944 1368
7945 1453
7946 1655
7947 0899
7948 1072
7949 1145
7950 1277
7951 1240
7952 1443
7953 1483
7954 1605
7955 1691
7956 0866
7957 1932
7958 1117
7959 1215
7960 1253
7961 1324
7962 1364
7963 1489
7964 1624
7965 1700
7966 1831
7967 1000
7968 1101
7969 1211
7970 1298
7971 1300
7972 1437
7973 1474
7974 1602
7975 1654
7976 0862
7977 1013
7978 1171
7979 1189
7980 1325
7981 1390
7982 1492
7983 1594
7984 1781
7985 1034
7986 2170
7987 1340
7988 1485
7989 1677
7990 0916
7991 1091
7992 2183
7993 1353
7994 1470
7995 1627
7996 1792
7997 1143
7998 2178
7999 1347
8000 1529
8001 1656
8002 0900
8003 1082
8004 1206
8005 1341
8006 1492
8007 1655
8008 1833
8009 1095
8010 1209
8011 1324
8012 1490
8013 1730
8014 0973
8015 1139
8016 1195
8017 1386
8018 1509
8019 1716
8020 1800
8021 0994
8022 2018
8023 1228
8024 1243
8025 1350
8026 1385
8027 1458
8028 1591
8029 1703
8030 0927
8031 1062
8032 1201
8033 1338
8034 1486
8035 1588
8036 1703
8037 1015
8038 1032
8039 1094
8040 1192
8041 1259
8042 1366
8043 1451
8044 1559
8045 1630
8046 0827
8047 1983
8048 1216
8049 1147
8050 1255
8051 1271
8052 1341
8053 1483
8054 1561
8055 1648
8056 1702
8057 0888
8058 1915
8059 1099
8060 1838
8061 1343
8062 1324
8063 1408
8064 1587
8065 1636
8066 0937
8067 0979
8068 1069
8069 1263
8070 1376
8071 1506
8072 1679
8073 0825
8074 0984
8075 1072
8076 1122
8077 2116
8078 2201
8079 1303
8080 1427
8081 1517
8082 1642
8083 1694
8084 0884
8085 0964
8086 1011
8087 1204
8088 1288
8089 1323
8090 1431
8091 1580
8092 1650
8093 0859
8094 1817
8095 0993
8096 1069
8097 2075
8098 2169
8099 1271
8100 1393
8101 1480
8102 1578
8103 1660
8104 0849
8105 0946
8106 1037
8107 1695
8108 3461
8109 2519
8110 1622
8111 1674
8112 0840
8113 1682
8114 1824
8115 1152
8116 2034
8117 1186
8118 1290
8119 1309
8120 1354
8121 1478
8122 1553
8123 1685
8124 1803
8125 0972
8126 1888
8127 1085
8128 1249
8129 1296
8130 1584
8131 1446
8132 1589
8133 1649
8134 0880
8135 1847
8136 1101
8137 1283
8138 1380
8139 1539
8140 1747
8141 0975
8142 1147
8143 1278
8144 1310
8145 1467
8146 1636
8147 1833
8148 1162
8149 1045
8150 1221
8151 1320
8152 1427
8153 1549
8154 1740
8155 0983
8156 1123
8157 1231
8158 1425
8159 1556
8160 1912
8161 1836
8162 2041
8163 1266
8164 1337
8165 1531
8166 0846
8167 0896
8168 1978
8169 1219
8170 1305
8171 1474
8172 1653
8173 0886
8174 1002
8175 2103
8176 1270
8177 1435
8178 1603
8179 0871
8180 1063
8181 1235
8182 1320
8183 1522
8184 1678
8185 1824
8186 1157
8187 1258
8188 1301
8189 1513
8190 1639
8191 0899
8192 1014
8193 1188
8194 1248
8195 1358
8196 1508
8197 1687
8198 0923
8199 1105
8200 1234
8201 1272
8202 1409
8203 1665
8204 1767
8205 1025
8206 1124
8207 1209
8208 1315
8209 1377
8210 1579
8211 1683
8212 0869
8213 1840
8214 1032
8215 2057
8216 1245
8217 1267
8218 1391
8219 1412
8220 1497
8221 1553
8222 1059
8223 2074
8224 1219
8225 1388
8226 1538
8227 1554
8228 1690
8229 0949
8230 1072
8231 1170
8232 1252
8233 1453
8234 1540
8235 1637
8236 0965
8237 1071
8238 1225
8239 1310
8240 1404
8241 1594
8242 1742
8243 1056
8244 1148
8245 1241
8246 1387
8247 1472
8248 1589
8249 1689
8250 0883
8251 1930
8252 1084
8253 1208
8254 1216
8255 1462
8256 1467
8257 1590
8258 1674
8259 0908
8260 1066
8261 1215
8262 1248
8263 1384
8264 1558
8265 1673
8266 0881
8267 0993
8268 1119
8269 1217
8270 1254
8271 1287
8272 1405
8273 1471
8274 1569
8275 1890
8276 1034
8277 0969
8278 1052
8279 2048
8280 1198
8281 1275
8282 1336
8283 1495
8284 1596
8285 1643
8286 0876
8287 0957
8288 1085
8289 1192
8290 1291
8291 1243
8292 1243
8293 1406
8294 1473
8295 1565
8296 1624
8297 0869
8298 1838
8299 1007
8300 1109
8301 1192
8302 1273
8303 1406
8304 1439
8305 1570
8306 1681
8307 0867
8308 1880
8309 1920
8310 1139
8311 1226
8312 1318
8313 1373
8314 1549
8315 1605
8316 1687
8317 0913
8318 2018
8319 1264
8320 1324
8321 1427
8322 1584
8323 1736
8324 0920
8325 0916
8326 2000
8327 2023
8328 2209
8329 1352
8330 1527
8331 1608
8332 1687
8333 0872
8334 1056
8335 1194
8336 1085
8337 1173
8338 2176
8339 1279
8340 1396
8341 1465
8342 1639
8343 1678
8344 0859
8345 1019
8346 1132
8347 1287
8348 1227
8349 1320
8350 1371
8351 1525
8352 1609
8353 1720
8354 1775
8355 0973
8356 1048
8357 1142
8358 1288
8359 1329
8360 1459
8361 1442
8362 1599
8363 1606
8364 1714
8365 0933
8366 1004
8367 1176
8368 1162
8369 1246
8370 1398
8371 1474
8372 1535
8373 1747
8374 0934
8375 1039
8376 1203
8377 1231
8378 1389
8379 1478
8380 1644
8381 1778
8382 1010
8383 2086
8384 1270
8385 1311
8386 1341
8387 1638
8388 0839
8389 0916
8390 1904
8391 2034
8392 1213
8393 2254
8394 1357
8395 1423
8396 1507
8397 1617
8398 0924
8399 0939
8400 2016
8401 2092
8402 1238
8403 1307
8404 1415
8405 1515
8406 1578
8407 1770
8408 0965
8409 1098
8410 1181
8411 1246
8412 1437
8413 1498
8414 1610
8415 1700
8416 0898
8417 1883
8418 1040
8419 1181
8420 1250
8421 1267
8422 1379
8423 1517
8424 1613
8425 1734
8426 0956
8427 1006
8428 1098
8429 1274
8430 1337
8431 1433
8432 1528
8433 1718
8434 0887
8435 1919
8436 1070
8437 1234
8438 1271
8439 1357
8440 1426
8441 1596
8442 1643
8443 0952
8444 1972
8445 1213
8446 1295
8447 1924
8448 3663
8449 2753
8450 1843
8451 1390
8452 1154
8453 1897
8454 2065
8455 1232
8456 1356
8457 1460
8458 1599
8459 1681
8460 0870
8461 0908
8462 1007
8463 1139
8464 1255
8465 1246
8466 1377
8467 1560
8468 1618
8469 1659
8470 1752
8471 0994
8472 1991
8473 1175
8474 1263
8475 1286
8476 1416
8477 1532
8478 1588
8479 1677
8480 0834
8481 0933
8482 0896
8483 1029
8484 2065
8485 2149
8486 1256
8487 1256
8488 1414
8489 1561
8490 1682
8491 0965
8492 1043
8493 1228
8494 1321
8495 1424
8496 1484
8497 1611
8498 0936
8499 2064
8500 1250
8501 1108
8502 2201
8503 1308
8504 1339
8505 1451
8506 1513
8507 1673
8508 0860
8509 0936
8510 1022
8511 1143
8512 2201
8513 1305
8514 1404
8515 1494
8516 1686
8517 1764
8518 0953
8519 1076
8520 1137
8521 1202
8522 1259
8523 1343
8524 1456
8525 1541
8526 1641
8527 0876
8528 0946
8529 1032
8530 1174
8531 2225
8532 1330
8533 1370
8534 1540
8535 1659
8536 0920
8537 1791
8538 0962
8539 1112
8540 2091
8541 2189
8542 1315
8543 1409
8544 1479
8545 1610
8546 1716
8547 0868
8548 0987
8549 1111
8550 1327
8551 1347
8552 1462
8553 1664
8554 0879
8555 0993
8556 1159
8557 1125
8558 1222
8559 2190
8560 1291
8561 1434
8562 1560
8563 1626
8564 1720
8565 0902
8566 1045
8567 1161
8568 1274
8569 1310
8570 1397
8571 1422
8572 1554
8573 1615
8574 1756
8575 1823
8576 1018
8577 1096
8578 1268
8579 1252
8580 1344
8581 1407
8582 1532
8583 1673
8584 0857
8585 0968
8586 1063
8587 2102
8588 2128
8589 1230
8590 1316
8591 1463
8592 1653
8593 1684
8594 0863
8595 0991
8596 1055
8597 1174
8598 1278
8599 1296
8600 1343
8601 1541
8602 1667
8603 0950
8604 1943
8605 1189
8606 2200
8607 1349
8608 1459
8609 1620
8610 1711
8611 0886
8612 1252
8613 1198
8614 1295
8615 1438
8616 1569
8617 0800
8618 0917
8619 1093
8620 1198
8621 1224
8622 1334
8623 1429
8624 1547
8625 1682
8626 0832
8627 1814
8628 1066
8629 1224
8630 1313
8631 1433
8632 1601
8633 0834
8634 0979
8635 1119
8636 1243
8637 1259
8638 1450
8639 1561
8640 1675
8641 1819
8642 1050
8643 2113
8644 1278
8645 1384
8646 1466
8647 1629
8648 1710
8649 1809
8650 1879
8651 1009
8652 1181
8653 1275
8654 1328
8655 1358
8656 1470
8657 1559
8658 1640
8659 0868
8660 0939
8661 1057
8662 1170
8663 2220
8664 1355
8665 1511
8666 1573
8667 1676
8668 0862
8669 0948
8670 1110
8671 1122
8672 2157
8673 1340
8674 1373
8675 1476
8676 1600
8677 1629
8678 0916
8679 0873
8680 0987
8681 1121
8682 1266
8683 1288
8684 1370
8685 1443
8686 1512
8687 1686
8688 0883
8689 1823
8690 1914
8691 1104
8692 2183
8693 1359
8694 1312
8695 1387
8696 1548
8697 1637
8698 0848
8699 0954
8700 0990
8701 1100
8702 2132
8703 1293
8704 1376
8705 1528
8706 1648
8707 0910
8708 0941
8709 1088
8710 1194
8711 1265
8712 1396
8713 1442
8714 1624
8715 1587
8716 1762
8717 1873
8718 1063
8719 1249
8720 1354
8721 1471
8722 1705
8723 0867
8724 2113
8725 1234
8726 1250
8727 1413
8728 1588
8729 0811
8730 0982
8731 1111
8732 1266
8733 1337
8734 1508
8735 1705
8736 1800
8737 1032
8738 2150
8739 1313
8740 1437
8741 1589
8742 0841
8743 1027
8744 1151
8745 1288
8746 1424
8747 1626
8748 1782
8749 1073
8750 1038
8751 1169
8752 1278
8753 1434
8754 1618
8755 1702
8756 0976
8757 1180
8758 1227
8759 1376
8760 1519
8761 1691
8762 2599
8763 1762
8764 2156
8765 1309
8766 1456
8767 1550
8768 1755
8769 0998
8770 1184
8771 1264
8772 1395
8773 1526
8774 1684
8775 0903
8776 1054
8777 1242
8778 1340
8779 1430
8780 1534
8781 1632
8782 0881
8783 0984
8784 1098
8785 1200
8786 1277
8787 4645
8788 3355
8789 2475
8790 1630
8791 1705
8792 1053
8793 1781
8794 1976
8795 2101
8796 1266
8797 1448
8798 1579
8799 0843
8800 0992
8801 1163
8802 1276
8803 1440
8804 1611
8805 1678
8806 1007
8807 1115
8808 1275
8809 1364
8810 1507
8811 1666
8812 1798
8813 1054
8814 2133
8815 1288
8816 1478
8817 1589
8818 0840
8819 1059
8820 1179
8821 1305
8822 1453
8823 1626
8824 1732
8825 1032
8826 1114
8827 1268
8828 1402
8829 1517
8830 1694
8831 1799
8832 1036
8833 2119
8834 1271
8835 1452
8836 1599
8837 1750
8838 0927
8839 1221
8840 1260
8841 1298
8842 1639
8843 1527
8844 1694
8845 1856
8846 1054
8847 2183
8848 1348
8849 1510
8850 1650
8851 0883
8852 1082
8853 1193
8854 1308
8855 1463
8856 1630
8857 1785
8858 1023
8859 2128
8860 1292
8861 1415
8862 1590
8863 1774
8864 0972
8865 1946
8866 2084
8867 1294
8868 1389
8869 1525
8870 1702
8871 0937
8872 1104
8873 2178
8874 1327
8875 1453
8876 1583
8877 1739
8878 0953
8879 1131
8880 1266
8881 1385
8882 1581
8883 1702
8884 1031
8885 1118
8886 1247
8887 1340
8888 1445
8889 1626
8890 0863
8891 1992
8892 2151
8893 1309
8894 1444
8895 1584
8896 0994
8897 1024
8898 1233
8899 1313
8900 1399
8901 1567
8902 1716
8903 0964
8904 2015
8905 1251
8906 1359
8907 1498
8908 1682
8909 0902
8910 1092
8911 2162
8912 1328
8913 1505
8914 1734
8915 0899
8916 1060
8917 1215
8918 1268
8919 1382
8920 1572
8921 1734
8922 1071
8923 1166
8924 1229
8925 1454
8926 1558
8927 1734
8928 1823
8929 1076
8930 1209
8931 1363
8932 1561
8933 1693
8934 0971
8935 1135
8936 1278
8937 1333
8938 1452
8939 1651
8940 1772
8941 1012
8942 2121
8943 1278
8944 1438
8945 1578
8946 0836
8947 1012
8948 2093
8949 1237
8950 1338
8951 1579
8952 1704
8953 1053
8954 1208
8955 2208
8956 1360
8957 1512
8958 1690
8959 1834
8960 1169
8961 1317
8962 1295
8963 1479
8964 1593
8965 0845
8966 1023
8967 1202
8968 1261
8969 1430
8970 1638
8971 1752
8972 1115
8973 1149
8974 1231
8975 1445
8976 1561
8977 0825
8978 1883
8979 1125
8980 1243
8981 1394
8982 1559
8983 0784
8984 0999
8985 1115
8986 2185
8987 1350
8988 1542
8989 1642
8990 1805
8991 1153
8992 1265
8993 1320
8994 1471
8995 1585
8996 0845
8997 1023
8998 1177
8999 1253
9000 1387
9001 1555
9002 1673
9003 1021
9004 1117
9005 1215
9006 1373
9007 1545
9008 1690
9009 1849
9010 1088
9011 2174
9012 1338
9013 1489
9014 1571
9015 0834
9016 1020
9017 1213
9018 1315
9019 1457
9020 1620
9021 1794
9022 1046
9023 2098
9024 1246
9025 1396
9026 1536
9027 1702
9028 0937
9029 2038
9030 1202
9031 1384
9032 1534
9033 1719
9034 1049
9035 1086
9036 1228
9037 1342
9038 1504
9039 1651
9040 1796
9041 1051
9042 2157
9043 1322
9044 1486
9045 1602
9046 0847
9047 1020
9048 1156
9049 1266
9050 1415
9051 1628
9052 1751
9053 1084
9054 1180
9055 1278
9056 1377
9057 1525
9058 1657
9059 1914
9060 1104
9061 1227
9062 1313
9063 1520
9064 1673
9065 0925
9066 1060
9067 1227
9068 1260
9069 1455
9070 1599
9071 1748
9072 1100
9073 1174
9074 1243
9075 1411
9076 1557
9077 0806
9078 1890
9079 1117
9080 1339
9081 1358
9082 1497
9083 1669
9084 0908
9085 1081
9086 1264
9087 1345
9088 1491
9089 1644
9090 1738
9091 1005
9092 2107
9093 1255
9094 1430
9095 1601
9096 0891
9097 1008
9098 1148
9099 1248
9100 1409
9101 1595
9102 1809
9103 1079
9104 1178
9105 1232
9106 1397
9107 1509
9108 1710
9109 1799
9110 1060
9111 2161
9112 1330
9113 1514
9114 1659
9115 0904
9116 1128
9117 1244
9118 1315
9119 1460
9120 1708
9121 1857
9122 1194
9123 1193
9124 1304
9125 1461
9126 1626
9127 0885
9128 1019
9129 1204
9130 1315
9131 1419
9132 1570
9133 1736
9134 0980
9135 2096
9136 1263
9137 1409
9138 1549
9139 0812
9140 0989
9141 1061
9142 1217
9143 4421
9144 3577
9145 2741
9146 1907
9147 1538
9148 1218
9149 2185
9150 1350
9151 1489
9152 1698
9153 1818
9154 1063
9155 1178
9156 1261
9157 1397
9158 1562
9159 0812
9160 1898
9161 1129
9162 1223
9163 1335
9164 1548
9165 1721
9166 1040
9167 1085
9168 1199
9169 1310
9170 1439
9171 1569
9172 1767
9173 1117
9174 2127
9175 1292
9176 1455
9177 1574
9178 0843
9179 0981
9180 1147
9181 1260
9182 1377
9183 1557
9184 1751
9185 1089
9186 1200
9187 1212
9188 1060
9189 1038
9190 2149
9191 1311
9192 1483
9193 1642
9194 0896
9195 1037
9196 1203
9197 1297
9198 1575
9199 0807
9200 1735
9201 0986
9202 2071
9203 1234
9204 1432
9205 1565
9206 0836
9207 0982
9208 1124
9209 1251
9210 1364
9211 1575
9212 1703
9213 1049
9214 1127
9215 1239
9216 1434
9217 1575
9218 0809
9219 1841
9220 1079
9221 2199
9222 1366
9223 1513
9224 1670
9225 0922
9226 1069
9227 1255
9228 1302
9229 1451
9230 1637
9231 1811
9232 1147
9233 1173
9234 1273
9235 1433
9236 1573
9237 1770
9238 1902
9239 1145
9240 1284
9241 1433
9242 1587
9243 0829
9244 1135
9245 1199
9246 1261
9247 1358
9248 1556
9249 1714
9250 0928
9251 2029
9252 1196
9253 1367
9254 1556
9255 1666
9256 1030
9257 1110
9258 1292
9259 1381
9260 1479
9261 1699
9262 1754
9263 1099
9264 1188
9265 1233
9266 1455
9267 1613
9268 0869
9269 1951
9270 1192
9271 1294
9272 1404
9273 1572
9274 0797
9275 1052
9276 1145
9277 1189
9278 1341
9279 1460
9280 1693
9281 1783
9282 1032
9283 1175
9284 1375
9285 1446
9286 1590
9287 1712
9288 1789
9289 1039
9290 2171
9291 1313
9292 1435
9293 1579
9294 0834
9295 1012
9296 2178
9297 1347
9298 1442
9299 1616
9300 1765
9301 1014
9302 0999
9303 1066
9304 1229
9305 1223
9306 1328
9307 1474
9308 1558
9309 1613
9310 1692
9311 1769
9312 0965
9313 1051
9314 1183
9315 1281
9316 1462
9317 1412
9318 1542
9319 1698
9320 1816
9321 1076
9322 2131
9323 1302
9324 1500
9325 1640
9326 0908
9327 1094
9328 1211
9329 1366
9330 1526
9331 1710
9332 1825
9333 2081
9334 1244
9335 1342
9336 1524
9337 1714
9338 0944
9339 1067
9340 1209
9341 1286
9342 1484
9343 1693
9344 1793
9345 1141
9346 1178
9347 1358
9348 1551
9349 1689
9350 0957
9351 1093
9352 2167
9353 1336
9354 1476
9355 1696
9356 1874
9357 1128
9358 1153
9359 1251
9360 1400
9361 1564
9362 0822
9363 1885
9364 2036
9365 1154
9366 2188
9367 1965
9368 1187
9369 1271
9370 1389
9371 1627
9372 0832
9373 0915
9374 1964
9375 1206
9376 1320
9377 1500
9378 1556
9379 1693
9380 1100
9381 1253
9382 1360
9383 1524
9384 1676
9385 1836
9386 1107
9387 1231
9388 1391
9389 1590
9390 0817
9391 1109
9392 1220
9393 1267
9394 1415
9395 1576
9396 0852
9397 1950
9398 1218
9399 1312
9400 1472
9401 1688
9402 0914
9403 1112
9404 1197
9405 1315
9406 1497
9407 1647
9408 0892
9409 1125
9410 1290
9411 1394
9412 1618
9413 0866
9414 1938
9415 1129
9416 2121
9417 1238
9418 1392
9419 1502
9420 1667
9421 0895
9422 1021
9423 1138
9424 1298
9425 1320
9426 1460
9427 1644
9428 1778
9429 0994
9430 2013
9431 1228
9432 1252
9433 1527
9434 1425
9435 1588
9436 0911
9437 0950
9438 1106
9439 1200
9440 1219
9441 1373
9442 1466
9443 1592
9444 1695
9445 0881
9446 1861
9447 1030
9448 1153
9449 1230
9450 1248
9451 1350
9452 1481
9453 1629
9454 1778
9455 0976
9456 1972
9457 2114
9458 1283
9459 1478
9460 1539
9461 1677
9462 0858
9463 0976
9464 1088
9465 1133
9466 2153
9467 1255
9468 1366
9469 1450
9470 1557
9471 1674
9472 1768
9473 1831
9474 1019
9475 1216
9476 1248
9477 1430
9478 1568
9479 1700
9480 1789
9481 0977
9482 2003
9483 1183
9484 1244
9485 1260
9486 1357
9487 1481
9488 1613
9489 1708
9490 0899
9491 0969
9492 2621
9493 4524
9494 3626
9495 2727
9496 1827
9497 1384
9498 1092
9499 0859
9500 1787
9501 1887
9502 1067
9503 2093
9504 1282
9505 1284
9506 1308
9507 1500
9508 1554
9509 1668
9510 0862
9511 0923
9512 1034
9513 1184
9514 2217
9515 1299
9516 1353
9517 1424
9518 1538
9519 1624
9520 1739
9521 1828
9522 1020
9523 1146
9524 2141
9525 1243
9526 1345
9527 1416
9528 1467
9529 1618
9530 1704
9531 0883
9532 1927
9533 1124
9534 1209
9535 1273
9536 1398
9537 1459
9538 1540
9539 1676
9540 0889
9541 1841
9542 1026
9543 1173
9544 1279
9545 1503
9546 1395
9547 1466
9548 1562
9549 0816
9550 0984
9551 1176
9552 1277
9553 1424
9554 1610
9555 1787
9556 1072
9557 1057
9558 1122
9559 1231
9560 1240
9561 1403
9562 1461
9563 1605
9564 1628
9565 1789
9566 1931
9567 1060
9568 1165
9569 1259
9570 1377
9571 1574
9572 1706
9573 1829
9574 1052
9575 2118
9576 1285
9577 1407
9578 1461
9579 1591
9580 1664
9581 0862
9582 0977
9583 1113
9584 1225
9585 1247
9586 1333
9587 1430
9588 1580
9589 1648
9590 1800
9591 1904
9592 1146
9593 1235
9594 1297
9595 1508
9596 1647
9597 0894
9598 1056
9599 1202
9600 1289
9601 1326
9602 1478
9603 1603
9604 1665
9605 0851
9606 0918
9607 1019
9608 1159
9609 2168
9610 1273
9611 1348
9612 1439
9613 1604
9614 1666
9615 1753
9616 1853
9617 1939
9618 2079
9619 1254
9620 1252
9621 1329
9622 1498
9623 1575
9624 1658
9625 0845
9626 0913
9627 0966
9628 1102
9629 2102
9630 1282
9631 1317
9632 1440
9633 1556
9634 1656
9635 0852
9636 1872
9637 1050
9638 1109
9639 2208
9640 1310
9641 1365
9642 1521
9643 1556
9644 1705
9645 0873
9646 1009
9647 1112
9648 1152
9649 1226
9650 1333
9651 1421
9652 1504
9653 1688
9654 0843
9655 1906
9656 2060
9657 1215
9658 1549
9659 1424
9660 1588
9661 1703
9662 1837
9663 1051
9664 1219
9665 1296
9666 1486
9667 1679
9668 1802
9669 1033
9670 1174
9671 1233
9672 1403
9673 1559
9674 0830
9675 1948
9676 1118
9677 1213
9678 1398
9679 1560
9680 1706
9681 0935
9682 1023
9683 1221
9684 1303
9685 1421
9686 1616
9687 1731
9688 1062
9689 1053
9690 1240
9691 1334
9692 1492
9693 1662
9694 1812
9695 1154
9696 1213
9697 1297
9698 1508
9699 1592
9700 0860
9701 1022
9702 1160
9703 1238
9704 1432
9705 1604
9706 1739
9707 1082
9708 1102
9709 1261
9710 1376
9711 1510
9712 1694
9713 1864
9714 1091
9715 1259
9716 1290
9717 1495
9718 1592
9719 0844
9720 1892
9721 1127
9722 1250
9723 1407
9724 1565
9725 1688
9726 1019
9727 1108
9728 1261
9729 1366
9730 1505
9731 1694
9732 1763
9733 1003
9734 2096
9735 1260
9736 1494
9737 1639
9738 0887
9739 1009
9740 1197
9741 1293
9742 1408
9743 1606
9744 1714
9745 1047
9746 1160
9747 1271
9748 1313
9749 1464
9750 1691
9751 1810
9752 1034
9753 1159
9754 1299
9755 1521
9756 1634
9757 0857
9758 1890
9759 1132
9760 1272
9761 1412
9762 1579
9763 0810
9764 1017
9765 1130
9766 1230
9767 1351
9768 1470
9769 1683
9770 1773
9771 1946
9772 1206
9773 1356
9774 1528
9775 1875
9776 1870
9777 1111
9778 1231
9779 1377
9780 1560
9781 0904
9782 1075
9783 1168
9784 1288
9785 1362
9786 1562
9787 0863
9788 1948
9789 1180
9790 1314
9791 1414
9792 1678
9793 1795
9794 1057
9795 2121
9796 1298
9797 1453
9798 1709
9799 0927
9800 1029
9801 2083
9802 1231
9803 1405
9804 1574
9805 1634
9806 1005
9807 1054
9808 1230
9809 1370
9810 1512
9811 1719
9812 1894
9813 1146
9814 1209
9815 1343
9816 1537
9817 1711
9818 0957
9819 1130
9820 1236
9821 1433
9822 1584
9823 0849
9824 1895
9825 1158
9826 1278
9827 1475
9828 1718
9829 0912
9830 1138
9831 1228
9832 1377
9833 1544
9834 1671
9835 0847
9836 0936
9837 1069
9838 1260
9839 1947
9840 3871
9841 2990
9842 2132
9843 1275
9844 1366
9845 1214
9846 2191
9847 1293
9848 1413
9849 1514
9850 1590
9851 1767
9852 0928
9853 1046
9854 1124
9855 1152
9856 1283
9857 1278
9858 1393
9859 1469
9860 1598
9861 1830
9862 0935
9863 1962
9864 2054
9865 1241
9866 1342
9867 1470
9868 1687
9869 0932
9870 1232
9871 1236
9872 1310
9873 1438
9874 1511
9875 1679
9876 1812
9877 1071
9878 2094
9879 1296
9880 1363
9881 1412
9882 1614
9883 0849
9884 0973
9885 1988
9886 1206
9887 1245
9888 1295
9889 1477
9890 1649
9891 0986
9892 1050
9893 1324
9894 1282
9895 1330
9896 1453
9897 1551
9898 1675
9899 1796
9900 1048
9901 2146
9902 1317
9903 1499
9904 1638
9905 0897
9906 1039
9907 1222
9908 1232
9909 1329
9910 1494
9911 1652
9912 0968
9913 1024
9914 1139
9915 1265
9916 1369
9917 1495
9918 1570
9919 0816
9920 0953
9921 1152
9922 1244
9923 1343
9924 1449
9925 1629
9926 0892
9927 1039
9928 1162
9929 1308
9930 1445
9931 1591
9932 1738
9933 1086
9934 1170
9935 1256
9936 1313
9937 1460
9938 1668
9939 1759
9940 1067
9941 1149
9942 1275
9943 1362
9944 1472
9945 1681
9946 1816
9947 1012
9948 2083
9949 1225
9950 1406
9951 1494
9952 1590
9953 1681
9954 0899
9955 1052
9956 2155
9957 1298
9958 1400
9959 1540
9960 1688
9961 0980
9962 0978
9963 1041
9964 1180
9965 1226
9966 1400
9967 1522
9968 1590
9969 1667
9970 0862
9971 1834
9972 1029
9973 1159
9974 1265
9975 1281
9976 1378
9977 1505
9978 1590
9979 0870
9980 0881
9981 0987
9982 1049
9983 2105
9984 1208
9985 1288
9986 1437
9987 1474
9988 1563
9989 1666
9990 0854
9991 1852
9992 1036
9993 1188
9994 1211
9995 1330
9996 1384
9997 1514
9998 1561
9999 1733
10000 1829
Average 1396
Min 0772
Max 5457
END
