1 14328
2 14372
3 13479
4 15594
5 14199
6 13777
7 13797
8 13841
9 12423
10 12588
11 12600
12 13116
13 12250
14 12319
15 11305
16 11458
17 11578
18 11662
19 11677
20 10780
21 10877
22 10958
23 11051
24 11067
25 10166
26 10168
27 10351
28 10446
29 9508
30 9077
31 10652
32 9756
33 9798
34 8909
35 7958
36 10023
37 9102
38 8893
39 11271
40 10320
41 9460
42 9547
43 11585
44 10640
45 10262
46 9851
47 9655
48 11967
49 12086
50 11129
51 11218
52 13288
53 12355
54 12460
55 11501
56 11608
57 9976
58 12784
59 11852
60 11904
61 11026
62 13109
63 12163
64 11237
65 11318
66 11380
67 9841
68 12601
69 11676
70 11733
71 11795
72 13907
73 13961
74 13037
75 13113
76 12207
77 11730
78 14361
79 13424
80 13501
81 12559
82 12052
83 13721
84 12824
85 12953
86 11474
87 12003
88 11079
89 12112
90 12224
91 10818
92 11349
93 10391
94 11485
95 10607
96 10628
97 9680
98 9752
99 10801
100 10433
101 9996
102 9864
103 9119
104 10777
105 10340
106 10385
107 9442
108 11515
109 11578
110 10629
111 10240
112 11803
113 10886
114 9943
115 9964
116 9037
117 11128
118 10191
119 10261
120 9360
121 11455
122 10528
123 10550
124 9648
125 9355
126 10754
127 10907
128 9958
129 9458
130 11146
131 11144
132 10259
133 10299
134 8835
135 11519
136 10540
137 10597
138 9665
139 12730
140 11304
141 11861
142 10977
143 13971
144 13066
145 11670
146 12471
147 11323
148 11322
149 11363
150 10485
151 10597
152 9638
153 9684
154 9743
155 9735
156 8845
157 7464
158 8023
159 7827
160 8211
161 8007
162 7324
163 9359
164 8408
165 8401
166 9623
167 9730
168 8777
169 11868
170 10927
171 10003
172 10001
173 13466
174 17183
175 15764
176 15341
177 15232
178 17498
179 17563
180 16706
181 16737
182 15794
183 15396
184 14516
185 18060
186 18112
187 17200
188 17322
189 16457
190 16440
191 15545
192 19633
193 18703
194 18335
195 17921
196 17982
197 17010
198 17087
199 17136
200 16218
201 16266
202 16331
203 15413
204 15047
205 14591
206 14637
207 13688
208 13300
209 12456
210 12973
211 13024
212 12139
213 11795
214 11306
215 13390
216 12564
217 12522
218 11621
219 11649
220 13760
221 12822
222 12899
223 12926
224 11489
225 14050
226 14084
227 13214
228 13274
229 12361
230 12449
231 14559
232 14579
233 14162
234 13265
235 12824
236 12590
237 16490
238 14577
239 15132
240 14162
241 14709
242 13297
243 12903
244 12529
245 12565
246 12674
247 11736
248 11786
249 11898
250 10992
251 11049
252 10096
253 10209
254 10262
255 9384
256 9409
257 9499
258 8535
259 8692
260 9734
261 8331
262 8772
263 7978
264 9103
265 9153
266 8075
267 10273
268 10329
269 8911
270 8466
271 10583
272 9619
273 9705
274 9277
275 10864
276 10839
277 10924
278 9907
279 12112
280 12160
281 12260
282 11311
283 14405
284 13475
285 13542
286 12659
287 12709
288 11641
289 14920
290 13520
291 14095
292 13089
293 13178
294 15281
295 14361
296 14420
297 13480
298 13092
299 12648
300 14712
301 14385
302 14475
303 13547
304 13584
305 13456
306 15735
307 14818
308 14827
309 13986
310 14082
311 13154
312 15265
313 15336
314 14404
315 14425
316 13546
317 12976
318 14703
319 13807
320 13804
321 12877
322 12525
323 12062
324 11875
325 12732
326 12317
327 12378
328 11512
329 11603
330 12648
331 11720
332 11791
333 11890
334 10915
335 10771
336 11091
337 11156
338 10211
339 10354
340 9363
341 10493
342 9572
343 8650
344 8712
345 9806
346 8386
347 7938
348 8056
349 9083
350 9158
351 8184
352 10328
353 9483
354 9502
355 8568
356 11610
357 10193
358 10689
359 9822
360 11900
361 11928
362 11030
363 10651
364 10155
365 11236
366 10302
367 10398
368 9491
369 9529
370 9627
371 9677
372 8736
373 8804
374 7772
375 9006
376 7997
377 8320
378 9099
379 8210
380 8209
381 10306
382 9442
383 9033
384 8623
385 9689
386 9717
387 9832
388 8895
389 11978
390 10565
391 11090
392 10486
393 13709
394 13294
395 12915
396 12500
397 12186
398 14601
399 13658
400 13776
401 12842
402 12844
403 11943
404 15061
405 14197
406 14251
407 13244
408 13343
409 16377
410 15493
411 15459
412 14515
413 14587
414 13633
415 16733
416 15769
417 15376
418 14957
419 14037
420 14129
421 13186
422 15225
423 14828
424 13912
425 14417
426 13501
427 13584
428 16682
429 16744
430 15338
431 15995
432 14523
433 15055
434 14202
435 16662
436 16201
437 15214
438 15213
439 14321
440 14385
441 13430
442 16457
443 15534
444 14127
445 14739
446 13715
447 13439
448 14788
449 13859
450 13858
451 12943
452 12941
453 12803
454 15127
455 14217
456 14348
457 13320
458 13423
459 11993
460 15481
461 15547
462 15145
463 14740
464 13801
465 13791
466 15920
467 15947
468 15038
469 13588
470 14154
471 13213
472 16263
473 15343
474 15381
475 14442
476 14520
477 13576
478 16667
479 15703
480 15297
481 15855
482 14959
483 15039
484 14103
485 17258
486 17293
487 16331
488 16382
489 15436
490 15499
491 15316
492 16682
493 16723
494 16796
495 15393
496 14931
497 14997
498 13948
499 16150
500 16240
501 14844
502 13957
503 14464
504 13537
505 13517
506 14747
507 14807
508 13883
509 13900
510 13010
511 13085
512 15038
513 14134
514 14261
515 14321
516 13334
517 13342
518 15465
519 15595
520 14189
521 13692
522 13796
523 12390
524 14943
525 13996
526 13065
527 13185
528 13271
529 11828
530 14366
531 13434
532 13528
533 12613
534 12672
535 11787
536 13895
537 13890
538 13534
539 13096
540 13138
541 12913
542 14291
543 13350
544 13450
545 13487
546 12625
547 12674
548 13785
549 13788
550 12921
551 12984
552 12060
553 11974
554 14267
555 12858
556 12390
557 12495
558 11080
559 12630
560 11721
561 11797
562 10858
563 9959
564 10059
565 11113
566 11142
567 10313
568 10352
569 11467
570 10543
571 10591
572 10647
573 9746
574 10841
575 10873
576 10991
577 10054
578 12209
579 11209
580 11284
581 10401
582 13468
583 12584
584 12605
585 11705
586 11852
587 13858
588 12465
589 13004
590 12085
591 11969
592 11196
593 13253
594 13265
595 12301
596 12241
597 12267
598 13899
599 13478
600 13542
601 12611
602 12591
603 14784
604 13870
605 13922
606 12988
607 13060
608 11542
609 17217
610 16291
611 16403
612 15427
613 15499
614 13869
615 16690
616 15776
617 15823
618 15854
619 14970
620 15054
621 17153
622 16196
623 16187
624 16280
625 15329
626 15454
627 15304
628 14362
629 16706
630 16308
631 15886
632 14953
633 14975
634 15103
635 13623
636 16201
637 15280
638 15441
639 14055
640 13595
641 13659
642 15702
643 15798
644 14886
645 14977
646 14013
647 14035
648 17164
649 16237
650 16308
651 15339
652 15413
653 15502
654 14612
655 16672
656 16754
657 15837
658 15444
659 15063
660 14077
661 14045
662 16233
663 15337
664 15343
665 14445
666 14059
667 13627
668 13646
669 14747
670 14805
671 13400
672 13980
673 13034
674 12914
675 13013
676 14072
677 13179
678 13245
679 13341
680 11830
681 11490
682 11575
683 11192
684 10728
685 10849
686 10431
687 12008
688 11067
689 11117
690 11197
691 13302
692 12403
693 11000
694 11532
695 10644
696 12731
697 11788
698 11881
699 10971
700 11027
701 13147
702 13148
703 12208
704 11814
705 11424
706 13484
707 13530
708 12548
709 12150
710 11724
711 11809
712 12901
713 12914
714 11978
715 11549
716 10527
717 12142
718 12183
719 10762
720 10318
721 10057
722 12346
723 11932
724 10960
725 11505
726 13533
727 12547
728 12631
729 12698
730 11730
731 11464
732 13837
733 13814
734 12905
735 13003
736 12589
737 15154
738 15188
739 15262
740 13851
741 12964
742 13488
743 14571
744 14652
745 13740
746 13837
747 12902
748 11487
749 13080
750 11654
751 12217
752 12298
753 11397
754 11357
755 11478
756 11568
757 11659
758 10250
759 10274
760 11847
761 11929
762 10958
763 11023
764 14079
765 13159
766 13251
767 12337
768 12401
769 14472
770 13549
771 13591
772 12189
773 12727
774 11733
775 13888
776 13896
777 12946
778 13048
779 12115
780 11147
781 13290
782 13323
783 12392
784 12445
785 11544
786 14640
787 13647
788 13773
789 12842
790 12974
791 14997
792 14091
793 14194
794 12795
795 13384
796 12430
797 11933
798 14561
799 13611
800 13253
801 12801
802 11860
803 14930
804 13517
805 14080
806 13178
807 11748
808 12372
809 14484
810 14470
811 14577
812 13658
813 13725
814 12791
815 14896
816 15011
817 14081
818 14140
819 13201
820 13012
821 15281
822 15325
823 14487
824 14522
825 13608
826 13163
827 15713
828 15334
829 14881
830 14959
831 14026
832 13141
833 16222
834 16290
835 15342
836 14442
837 14497
838 13578
839 16689
840 16692
841 15794
842 14386
843 14895
844 14971
845 14004
846 17066
847 17172
848 15765
849 16362
850 15423
851 15467
852 17530
853 16633
854 16247
855 15822
856 14899
857 14982
858 14045
859 13792
860 15727
861 15273
862 15254
863 14347
864 14444
865 13463
866 16609
867 16638
868 15732
869 15825
870 14858
871 14993
872 14092
873 17096
874 17134
875 16264
876 16268
877 15383
878 14982
879 16475
880 15518
881 14652
882 14258
883 13827
884 13828
885 12944
886 15010
887 13972
888 14040
889 13147
890 13264
891 11636
892 12080
893 12448
894 12509
895 11594
896 11635
897 10739
898 12759
899 13044
900 11974
901 12037
902 11057
903 13125
904 12211
905 10782
906 11373
907 10428
908 10426
909 11570
910 11198
911 10294
912 10776
913 12915
914 11976
915 11082
916 11179
917 10273
918 12291
919 11466
920 11518
921 10602
922 10601
923 12718
924 12820
925 12829
926 11922
927 11998
928 13097
929 13229
930 12300
931 12314
932 11446
933 14469
934 14802
935 13767
936 12653
937 12258
938 11871
939 11890
940 10822
941 11048
942 10142
943 8748
944 9245
945 7816
946 9319
947 8432
948 7945
949 8564
950 8608
951 7011
952 8770
953 7836
954 7296
955 6899
956 8071
957 7158
958 7236
959 9333
960 8432
961 8483
962 9557
963 9612
964 9639
965 8662
966 10820
967 9902
968 9941
969 9342
970 12124
971 12166
972 10759
973 9847
974 11406
975 10513
976 10135
977 9688
978 9762
979 10876
980 9461
981 9942
982 8876
983 10985
984 11108
985 10173
986 9229
987 11304
988 11398
989 10501
990 10484
991 10454
992 10594
993 10610
994 9695
995 9638
996 9589
997 8945
998 8538
999 7902
1000 8173
1001 8188
1002 7264
1003 6860
1004 7424
1005 6537
1006 5574
1007 8178
1008 7253
1009 6784
1010 7938
1011 7880
1012 6501
1013 8082
1014 8174
1015 8033
1016 10349
1017 9364
1018 9450
1019 11521
1020 10108
1021 10667
1022 9711
1023 9478
1024 11690
1025 11004
1026 11084
1027 10049
1028 13191
1029 12293
1030 10891
1031 11374
1032 10400
1033 13592
1034 13651
1035 12673
1036 11741
1037 11590
1038 13962
1039 13038
1040 13192
1041 13121
1042 12192
1043 14449
1044 13543
1045 16570
1046 15541
1047 14141
1048 15619
1049 16817
1050 16829
1051 15952
1052 15973
1053 15072
1054 14712
1055 14269
1056 16320
1057 15339
1058 14985
1059 14073
1060 14610
1061 13673
1062 13197
1063 14932
1064 14939
1065 14065
1066 14123
1067 13235
1068 13293
1069 15400
1070 15500
1071 15524
1072 14659
1073 13710
1074 13782
1075 13580
1076 14949
1077 14004
1078 14097
1079 13155
1080 13210
1081 12307
1082 14401
1083 14456
1084 13523
1085 13169
1086 12665
1087 12547
1088 13716
1089 13784
1090 12372
1091 12959
1092 12028
1093 11252
1094 14155
1095 13239
1096 13272
1097 13339
1098 12437
1099 14541
1100 14550
1101 14651
1102 14281
1103 13797
1104 13617
1105 14985
1106 14061
1107 14152
1108 14287
1109 13369
1110 13403
1111 13336
1112 13512
1113 13141
1114 12240
1115 12781
1116 11860
1117 11910
1118 13047
1119 11606
1120 12193
1121 11208
1122 10614
1123 12413
1124 11458
1125 11555
1126 10613
1127 9679
1128 12775
1129 11372
1130 11906
1131 10977
1132 9581
1133 10201
1134 8895
1135 9282
1136 8915
1137 8488
1138 7561
1139 7591
1140 6821
1141 6805
1142 6849
1143 6589
1144 6962
1145 6049
1146 8104
1147 7193
1148 7276
1149 9219
1150 8304
1151 8340
1152 9414
1153 8013
1154 8613
1155 8612
1156 10240
1157 9750
1158 9822
1159 8937
1160 10973
1161 10073
1162 8664
1163 9219
1164 9279
1165 9345
1166 9405
1167 8524
1168 9531
1169 9654
1170 8678
1171 8701
1172 10916
1173 9926
1174 10033
1175 9345
1176 11183
1177 11269
1178 11350
1179 9964
1180 11539
1181 11611
1182 10665
1183 10758
1184 9838
1185 10911
1186 9486
1187 8628
1188 9116
1189 8256
1190 9332
1191 9345
1192 8446
1193 8192
1194 9600
1195 8659
1196 8649
1197 10864
1198 9917
1199 9515
1200 9050
1201 11120
1202 11194
1203 10287
1204 10311
1205 10113
1206 11550
1207 11596
1208 10668
1209 10674
1210 10002
1211 11883
1212 10943
1213 11077
1214 10201
1215 13203
1216 12260
1217 11866
1218 10959
1219 11504
1220 13634
1221 13662
1222 12690
1223 12329
1224 11905
1225 14003
1226 13992
1227 13113
1228 13176
1229 11787
1230 11746
1231 14429
1232 13476
1233 13572
1234 12175
1235 12755
1236 15822
1237 15928
1238 15012
1239 15024
1240 14119
1241 13600
1242 15313
1243 13869
1244 14344
1245 13974
1246 13545
1247 13505
1248 15718
1249 14774
1250 14884
1251 13948
1252 13042
1253 13123
1254 12974
1255 15238
1256 15330
1257 14459
1258 14834
1259 14596
1260 13626
1261 20797
1262 19840
1263 19938
1264 19993
1265 19090
1266 19162
1267 18882
1268 21351
1269 19946
1270 20554
1271 20600
1272 19663
1273 19755
1274 18334
1275 18910
1276 17325
1277 19109
1278 18686
1279 18202
1280 18280
1281 17338
1282 16451
1283 16578
1284 15172
1285 15559
1286 16769
1287 16830
1288 15944
1289 16016
1290 15085
1291 15168
1292 15069
1293 17374
1294 15969
1295 16526
1296 16550
1297 15145
1298 14232
1299 14768
1300 17799
1301 16866
1302 16898
1303 15977
1304 15570
1305 14743
1306 15215
1307 13676
1308 15393
1309 15462
1310 15533
1311 14635
1312 14697
1313 13739
1314 15842
1315 15954
1316 14543
1317 13685
1318 14227
1319 13332
1320 13372
1321 15399
1322 14486
1323 14143
1324 13688
1325 13746
1326 13520
1327 12883
1328 14015
1329 12610
1330 13150
1331 12781
1332 12354
1333 12303
1334 13393
1335 12517
1336 11109
1337 11635
1338 10737
1339 11771
1340 10839
1341 9907
1342 10021
1343 9062
1344 10152
1345 10299
1346 9257
1347 9364
1348 10379
1349 9443
1350 9558
1351 9138
1352 10693
1353 9715
1354 9730
1355 9432
1356 8856
1357 10016
1358 8571
1359 9116
1360 9049
1361 9305
1362 8895
1363 9369
1364 8484
1365 9574
1366 9213
1367 8715
1368 8384
1369 10900
1370 9948
1371 10016
1372 8967
1373 11149
1374 11210
1375 10359
1376 9809
1377 11472
1378 11584
1379 10628
1380 10698
1381 12767
1382 12868
1383 11950
1384 12011
1385 11731
1386 13194
1387 11797
1388 11368
1389 11460
1390 11421
1391 9863
1392 12739
1393 11780
1394 11846
1395 10900
1396 14008
1397 13036
1398 13176
1399 11715
1400 11271
1401 14382
1402 13438
1403 13499
1404 13559
1405 12677
1406 11827
1407 14772
1408 14858
1409 13931
1410 13996
1411 14042
1412 16166
1413 15245
1414 15267
1415 14323
1416 13421
1417 13037
1418 12550
1419 15224
1420 14812
1421 14836
1422 13903
1423 13497
1424 12933
1425 15163
1426 15245
1427 14299
1428 14389
1429 13486
1430 13530
1431 15610
1432 15683
1433 14783
1434 14867
1435 13927
1436 14014
1437 17092
1438 16190
1439 16249
1440 16336
1441 14946
1442 15433
1443 14535
1444 16634
1445 16277
1446 15839
1447 15876
1448 14960
1449 14023
1450 13329
1451 15230
1452 13844
1453 14348
1454 12964
1455 12033
1456 12604
1457 12644
1458 12720
1459 12839
1460 12881
1461 11958
1462 11728
1463 12090
1464 11176
1465 11278
1466 11398
1467 10466
1468 10478
1469 10552
1470 9111
1471 9659
1472 8722
1473 8859
1474 8890
1475 8997
1476 7893
1477 7179
1478 9191
1479 8286
1480 8211
1481 8469
1482 8543
1483 7762
1484 11201
1485 10360
1486 9408
1487 9566
1488 12054
1489 12123
1490 11236
1491 9811
1492 11360
1493 10438
1494 10524
1495 9554
1496 8982
1497 10661
1498 10732
1499 9809
1500 9692
1501 11927
1502 12065
1503 10665
1504 11120
1505 14225
1506 13262
1507 13382
1508 13424
1509 12515
1510 12121
1511 14700
1512 13785
1513 13824
1514 12891
1515 12947
1516 15051
1517 14103
1518 13727
1519 13257
1520 12995
1521 12470
1522 14515
1523 13590
1524 13689
1525 13776
1526 12871
1527 12640
1528 14047
1529 12457
1530 13071
1531 13078
1532 12222
1533 12241
1534 12333
1535 10932
1536 11454
1537 10564
1538 10318
1539 9692
1540 10785
1541 10897
1542 9981
1543 9673
1544 9022
1545 10197
1546 8797
1547 9081
1548 8318
1549 9405
1550 9468
1551 8065
1552 11624
1553 10676
1554 10311
1555 9884
1556 9234
1557 11974
1558 12052
1559 11150
1560 11129
1561 13256
1562 13322
1563 12411
1564 12490
1565 11533
1566 13560
1567 13205
1568 12304
1569 12820
1570 11916
1571 11017
1572 13133
1573 12183
1574 12228
1575 11307
1576 11076
1577 13511
1578 13580
1579 13645
1580 12733
1581 12785
1582 11900
1583 11939
1584 12028
1585 10621
1586 11216
1587 10282
1588 10342
1589 9454
1590 9512
1591 9132
1592 8693
1593 7754
1594 8835
1595 7885
1596 6944
1597 6877
1598 8135
1599 7219
1600 7184
1601 7250
1602 6714
1603 6418
1604 6511
1605 6584
1606 8697
1607 7288
1608 7733
1609 8920
1610 8991
1611 8905
1612 11159
1613 11209
1614 10245
1615 10301
1616 12424
1617 11426
1618 11553
1619 10251
1620 10677
1621 11735
1622 11830
1623 10894
1624 10301
1625 9943
1626 10621
1627 10160
1628 9250
1629 9122
1630 10418
1631 9473
1632 9531
1633 8575
1634 7881
1635 9765
1636 9820
1637 8921
1638 11034
1639 11157
1640 10198
1641 10246
1642 12289
1643 11389
1644 11456
1645 10508
1646 10504
1647 12655
1648 12675
1649 11729
1650 10811
1651 10624
1652 12964
1653 12038
1654 11633
1655 11129
1656 10604
1657 13300
1658 12360
1659 12500
1660 11063
1661 11407
1662 13611
1663 12700
1664 12789
1665 11867
1666 11905
1667 11330
1668 14105
1669 13196
1670 13209
1671 12268
1672 12297
1673 14386
1674 13489
1675 13523
1676 12632
1677 12661
1678 11654
1679 13823
1680 13889
1681 12916
1682 12987
1683 12086
1684 11183
1685 14259
1686 14363
1687 13436
1688 13507
1689 12128
1690 13682
1691 13741
1692 12856
1693 12911
1694 11992
1695 12084
1696 13181
1697 13248
1698 11851
1699 11536
1700 10517
1701 12594
1702 12678
1703 11742
1704 10856
1705 10656
1706 9976
1707 9417
1708 9178
1709 9168
1710 8453
1711 8387
1712 8468
1713 8549
1714 7524
1715 9681
1716 8766
1717 7873
1718 7694
1719 10042
1720 10058
1721 9154
1722 11190
1723 11255
1724 10350
1725 10395
1726 12568
1727 11589
1728 11658
1729 11777
1730 10815
1731 13961
1732 13008
1733 13071
1734 11686
1735 10748
1736 13172
1737 13265
1738 12309
1739 12427
1740 10773
1741 12551
1742 11669
1743 11754
1744 11798
1745 10906
1746 10687
1747 12027
1748 12103
1749 11189
1750 11129
1751 10309
1752 12408
1753 11527
1754 11598
1755 10674
1756 13747
1757 12345
1758 12879
1759 11979
1760 12015
1761 10393
1762 13233
1763 12271
1764 11897
1765 11461
1766 10599
1767 13623
1768 12226
1769 12724
1770 11818
1771 11721
1772 14976
1773 14045
1774 14162
1775 12754
1776 13349
1777 16367
1778 14962
1779 15512
1780 14598
1781 14227
1782 13323
1783 13697
1784 15912
1785 14946
1786 15069
1787 13659
1788 13252
1789 13295
1790 15411
1791 14477
1792 14489
1793 13570
1794 13195
1795 12737
1796 14835
1797 14923
1798 13943
1799 14033
1800 13113
1801 13153
1802 15274
1803 14332
1804 14423
1805 14518
1806 13505
1807 13661
1808 15704
1809 14775
1810 14845
1811 15246
1812 14113
1813 14107
1814 13238
1815 14819
1816 14320
1817 13445
1818 13546
1819 12603
1820 12686
1821 13720
1822 12844
1823 11877
1824 11955
1825 10541
1826 11027
1827 12175
1828 11223
1829 11258
1830 11331
1831 10357
1832 12470
1833 12512
1834 12583
1835 11684
1836 10208
1837 11834
1838 11906
1839 10992
1840 11064
1841 11127
1842 11250
1843 11290
1844 10346
1845 9438
1846 8984
1847 10619
1848 9220
1849 9722
1850 9567
1851 11942
1852 11966
1853 11115
1854 10694
1855 12239
1856 12350
1857 11365
1858 11387
1859 10474
1860 10356
1861 11709
1862 10793
1863 10853
1864 10599
1865 13009
1866 13058
1867 13082
1868 11636
1869 11173
1870 13252
1871 13320
1872 13337
1873 12390
1874 10956
1875 14513
1876 13589
1877 13666
1878 12312
1879 12823
1880 11675
1881 13918
1882 13996
1883 13093
1884 13134
1885 12163
1886 12258
1887 13380
1888 13385
1889 12463
1890 12573
1891 12718
1892 12353
1893 13809
1894 12882
1895 12939
1896 12018
1897 11350
1898 13240
1899 12180
1900 11754
1901 10767
1902 11228
1903 10331
1904 11431
1905 11043
1906 10173
1907 9712
1908 9660
1909 11417
1910 11546
1911 11616
1912 9975
1913 11788
1914 11800
1915 10916
1916 11037
1917 10077
1918 14638
1919 15237
1920 14335
1921 12930
1922 13449
1923 15581
1924 15616
1925 14209
1926 14791
1927 13354
1928 13915
1929 12959
1930 15062
1931 15157
1932 14243
1933 14329
1934 12920
1935 13150
1936 14538
1937 13614
1938 13734
1939 13783
1940 12867
1941 11921
1942 11869
1943 12051
1944 11657
1945 11233
1946 11317
1947 10359
1948 11482
1949 10474
1950 9546
1951 9624
1952 9629
1953 8719
1954 8844
1955 8816
1956 7947
1957 8054
1958 7525
1959 6622
1960 7269
1961 7275
1962 6331
1963 8443
1964 7991
1965 7535
1966 8679
1967 7762
1968 7385
1969 8832
1970 7883
1971 7263
1972 6891
1973 8184
1974 7252
1975 6528
1976 9357
1977 9408
1978 8409
1979 10505
1980 10125
1981 9699
1982 9546
1983 11821
1984 11885
1985 11960
1986 11641
1987 13050
1988 12094
1989 12245
1990 11251
1991 11304
1992 13366
1993 12476
1994 11076
1995 11667
1996 10709
1997 13792
1998 12863
1999 12929
2000 12058
2001 12081
2002 14215
2003 13300
2004 13328
2005 13410
2006 12532
2007 12618
2008 13701
2009 13804
2010 13833
2011 12948
2012 11540
2013 11578
2014 13235
2015 12277
2016 12328
2017 11431
2018 11047
2019 10576
2020 11644
2021 10784
2022 10854
2023 9962
2024 9604
2025 11066
2026 10434
2027 10273
2028 9358
2029 10409
2030 10424
2031 9522
2032 9570
2033 9613
2034 9664
2035 9882
2036 8817
2037 9910
2038 9990
2039 10054
2040 10062
2041 10178
2042 9269
2043 9349
2044 8878
2045 7977
2046 8582
2047 8709
2048 7051
2049 8890
2050 7875
2051 7997
2052 7095
2053 9171
2054 8216
2055 7257
2056 9374
2057 9453
2058 9462
2059 11618
2060 10663
2061 10763
2062 9811
2063 12899
2064 11980
2065 12063
2066 10630
2067 11134
2068 13292
2069 13319
2070 11926
2071 11029
2072 11609
2073 13698
2074 13712
2075 12815
2076 11872
2077 11436
2078 13057
2079 12112
2080 12195
2081 12269
2082 11377
2083 14391
2084 14502
2085 13582
2086 13624
2087 12780
2088 12819
2089 15872
2090 15030
2091 14122
2092 14101
2093 14215
2094 13296
2095 16338
2096 15413
2097 15545
2098 14138
2099 13241
2100 13807
2101 13289
2102 12978
2103 13017
2104 12116
2105 10722
2106 11291
2107 10375
2108 10402
2109 11490
2110 10087
2111 10636
2112 9691
2113 11830
2114 10878
2115 10481
2116 10020
2117 9407
2118 12147
2119 12209
2120 11302
2121 11279
2122 13351
2123 12971
2124 12545
2125 12581
2126 11664
2127 13753
2128 13840
2129 12881
2130 11944
2131 11986
2132 14053
2133 13087
2134 12156
2135 11777
2136 10379
2137 13204
2138 12441
2139 12557
2140 12538
2141 12265
2142 11747
2143 11823
2144 11881
2145 10908
2146 9996
2147 10084
2148 10148
2149 10265
2150 10336
2151 9388
2152 9450
2153 8580
2154 9616
2155 8732
2156 8279
2157 7305
2158 8550
2159 8119
2160 7183
2161 8188
2162 8253
2163 7361
2164 8417
2165 7014
2166 7611
2167 7712
2168 6744
2169 6851
2170 7779
2171 6892
2172 6938
2173 7984
2174 8092
2175 7148
2176 9243
2177 8352
2178 8407
2179 8494
2180 7083
2181 6697
2182 6726
2183 6797
2184 5838
2185 6889
2186 5992
2187 7112
2188 6180
2189 6163
2190 7288
2191 6369
2192 7434
2193 6513
2194 6548
2195 6674
2196 6309
2197 5733
2198 6903
2199 5965
2200 8006
2201 8110
2202 7115
2203 8294
2204 8358
2205 7868
2206 9445
2207 8549
2208 8637
2209 7697
2210 9711
2211 8846
2212 7433
2213 8985
2214 8090
2215 8112
2216 7200
2217 8297
2218 7930
2219 7509
2220 9562
2221 8144
2222 8733
2223 8581
2224 10868
2225 10955
2226 10014
2227 9971
2228 12179
2229 10773
2230 11298
2231 10401
2232 9732
2233 12565
2234 11642
2235 11289
2236 10854
2237 13928
2238 13011
2239 13106
2240 12146
2241 11255
2242 13332
2243 11914
2244 12491
2245 11568
2246 11636
2247 14746
2248 13805
2249 13868
2250 13919
2251 12495
2252 12094
2253 14170
2254 14195
2255 14309
2256 12899
2257 12440
2258 12520
2259 15601
2260 14707
2261 14771
2262 13501
2263 13433
2264 15600
2265 14700
2266 14757
2267 13876
2268 13478
2269 12988
2270 16070
2271 14630
2272 14165
2273 14188
2274 12764
2275 13322
2276 13200
2277 15473
2278 14585
2279 14616
2280 13703
2281 13791
2282 13231
2283 14908
2284 14958
2285 14020
2286 14037
2287 13151
2288 13107
2289 15312
2290 15406
2291 14430
2292 14464
2293 13549
2294 13577
2295 16769
2296 15743
2297 15316
2298 14833
2299 14903
2300 13504
2301 13687
2302 16183
2303 16261
2304 15357
2305 15396
2306 14464
2307 14516
2308 16584
2309 16614
2310 15718
2311 15324
2312 14851
2313 14935
2314 14300
2315 16117
2316 16149
2317 15204
2318 14819
2319 14368
2320 13992
2321 13205
2322 14581
2323 14650
2324 13250
2325 12819
2326 12881
2327 11978
2328 13023
2329 13102
2330 12147
2331 12271
2332 12046
2333 11365
2334 12408
2335 12536
2336 12570
2337 11679
2338 11752
2339 12844
2340 12848
2341 11977
2342 12019
2343 11121
2344 13195
2345 12244
2346 12299
2347 12322
2348 11436
2349 14549
2350 13581
2351 13717
2352 12287
2353 10896
2354 13590
2355 16043
2356 16112
2357 15186
2358 14874
2359 14430
2360 14361
2361 16547
2362 15637
2363 15687
2364 15785
2365 14848
2366 14947
2367 14201
2368 15127
2369 15100
2370 14728
2371 14329
2372 12940
2373 13444
2374 12405
2375 14135
2376 13707
2377 13805
2378 12859
2379 12891
2380 11253
2381 14106
2382 12706
2383 13275
2384 13199
2385 12289
2386 14459
2387 14488
2388 13528
2389 13629
2390 12657
2391 12015
2392 13863
2393 13936
2394 12935
2395 13033
2396 12124
2397 11981
2398 14255
2399 14313
2400 13420
2401 13528
2402 13482
2403 15707
2404 14787
2405 14807
2406 13894
2407 13867
2408 12999
2409 13019
2410 15136
2411 14183
2412 14195
2413 13245
2414 13361
2415 12452
2416 13497
2417 13596
2418 12153
2419 12720
2420 11295
2421 11777
2422 10925
2423 10966
2424 10039
2425 9132
2426 9175
2427 10188
2428 9293
2429 9352
2430 8477
2431 9514
2432 8590
2433 8644
2434 8735
2435 8768
2436 8386
2437 7875
2438 7891
2439 9105
2440 8119
2441 8142
2442 9286
2443 8375
2444 8441
2445 10092
2446 8670
2447 8210
2448 8331
2449 9642
2450 9444
2451 8046
2452 8403
2453 8680
2454 7212
2455 7268
2456 6794
2457 6873
2458 6831
2459 6024
2460 7099
2461 7121
2462 9223
2463 8321
2464 8390
2465 10490
2466 9572
2467 9696
2468 9387
2469 11855
2470 11903
2471 10984
2472 11000
2473 10061
2474 13191
2475 12259
2476 10869
2477 11429
2478 10497
2479 12597
2480 11201
2481 11730
2482 11798
2483 10902
2484 13012
2485 12082
2486 12134
2487 12201
2488 11282
2489 13455
2490 13468
2491 12578
2492 12679
2493 11738
2494 11247
2495 13890
2496 12941
2497 13050
2498 12122
2499 12205
2500 14243
2501 14283
2502 14360
2503 13453
2504 12446
2505 12453
2506 13566
2507 13153
2508 12260
2509 12843
2510 11896
2511 11579
2512 13062
2513 13152
2514 12210
2515 12303
2516 11394
2517 12471
2518 11517
2519 11583
2520 11701
2521 10718
2522 10365
2523 10884
2524 10949
2525 10043
2526 9940
2527 12224
2528 11240
2529 11264
2530 10348
2531 10275
2532 10492
2533 10609
2534 9622
2535 9457
2536 11841
2537 10969
2538 9538
2539 10053
2540 9092
2541 11219
2542 11242
2543 10314
2544 9810
2545 11535
2546 11577
2547 11702
2548 10717
2549 13775
2550 12886
2551 12916
2552 12044
2553 12149
2554 15170
2555 13774
2556 14353
2557 13401
2558 12495
2559 11915
2560 13629
2561 13713
2562 12305
2563 12896
2564 12908
2565 11962
2566 15113
2567 15114
2568 14187
2569 13817
2570 12411
2571 15516
2572 14514
2573 14595
2574 14697
2575 13734
2576 12803
2577 16863
2578 15980
2579 16043
2580 15059
2581 15104
2582 15208
2583 14360
2584 14373
2585 13458
2586 13542
2587 13594
2588 12630
2589 12082
2590 11304
2591 11911
2592 11002
2593 11093
2594 9674
2595 10254
2596 9392
2597 9446
2598 8495
2599 8559
2600 7160
2601 8776
2602 7827
2603 7836
2604 9988
2605 10048
2606 9138
2607 8791
2608 10244
2609 9904
2610 9475
2611 12523
2612 11555
2613 11711
2614 10814
2615 14786
2616 13841
2617 13977
2618 13019
2619 13144
2620 11574
2621 14137
2622 13185
2623 12297
2624 12447
2625 11486
2626 14551
2627 13592
2628 13686
2629 12284
2630 11388
2631 11915
2632 12068
2633 12098
2634 12144
2635 11191
2636 11290
2637 13415
2638 12509
2639 12509
2640 12134
2641 11715
2642 14787
2643 13843
2644 13964
2645 14029
2646 13102
2647 12119
2648 14199
2649 14326
2650 12916
2651 12490
2652 12539
2653 11653
2654 13705
2655 13730
2656 12798
2657 12419
2658 11957
2659 15069
2660 13664
2661 14194
2662 13259
2663 13253
2664 11823
2665 13381
2666 12435
2667 12600
2668 12585
2669 11654
2670 11232
2671 12817
2672 11417
2673 11953
2674 11015
2675 10539
2676 12160
2677 12276
2678 11355
2679 11428
2680 10410
2681 13576
2682 12192
2683 12753
2684 11811
2685 11643
2686 15003
2687 15084
2688 14166
2689 14217
2690 13318
2691 12937
2692 13507
2693 12605
2694 12696
2695 11714
2696 11817
2697 11906
2698 11005
2699 11050
2700 11121
2701 11231
2702 10290
2703 9929
2704 10401
2705 9514
2706 9127
2707 8731
2708 10743
2709 9823
2710 9895
2711 9071
2712 11033
2713 10672
2714 9753
2715 9218
2716 11405
2717 10469
2718 10505
2719 10512
2720 12709
2721 11788
2722 11870
2723 10449
2724 11025
2725 12102
2726 12195
2727 12233
2728 11401
2729 11428
2730 12551
2731 11108
2732 11619
2733 10577
2734 10571
2735 10748
2736 10370
2737 9904
2738 9739
2739 8933
2740 11169
2741 10234
2742 10300
2743 9354
2744 11515
2745 11502
2746 10814
2747 10737
2748 12809
2749 11849
2750 11898
2751 12025
2752 11065
2753 13166
2754 13292
2755 12369
2756 12460
2757 11530
2758 14566
2759 13583
2760 13749
2761 12755
2762 12838
2763 11947
2764 13510
2765 12595
2766 13154
2767 12236
2768 10830
2769 14316
2770 13345
2771 12927
2772 12443
2773 11489
2774 11060
2775 12656
2776 12755
2777 12796
2778 11905
2779 11723
2780 12527
2781 12075
2782 12144
2783 10785
2784 11292
2785 11418
2786 10012
2787 10514
2788 10693
2789 9847
2790 13307
2791 12906
2792 11508
2793 12007
2794 14137
2795 13193
2796 12826
2797 12377
2798 12447
2799 15539
2800 14634
2801 14664
2802 13752
2803 12871
2804 12490
2805 15056
2806 13638
2807 14190
2808 13296
2809 13368
2810 12428
2811 14533
2812 13608
2813 13632
2814 12687
2815 12297
2816 11883
2817 12983
2818 11589
2819 12135
2820 12224
2821 11257
2822 11328
2823 13465
2824 12637
2825 12573
2826 11687
2827 11753
2828 13833
2829 13896
2830 12979
2831 13053
2832 13161
2833 12197
2834 13871
2835 13397
2836 13492
2837 12542
2838 12611
2839 11613
2840 13812
2841 13428
2842 12534
2843 12070
2844 11856
2845 14249
2846 12833
2847 13369
2848 12418
2849 12059
2850 11622
2851 13658
2852 13322
2853 12830
2854 12863
2855 11972
2856 15040
2857 13635
2858 14180
2859 12747
2860 13355
2861 12391
2862 15470
2863 14059
2864 13165
2865 13726
2866 13779
2867 12848
2868 14992
2869 14030
2870 14119
2871 14170
2872 13248
2873 12539
2874 14446
2875 14452
2876 13549
2877 13601
2878 12649
2879 12509
2880 14309
2881 13897
2882 13947
2883 13069
2884 13064
2885 12057
2886 15325
2887 14340
2888 14429
2889 13505
2890 13572
2891 15656
2892 14768
2893 14803
2894 13873
2895 13941
2896 13104
2897 12995
2898 15168
2899 14297
2900 14393
2901 14421
2902 13527
2903 13293
2904 13649
2905 13710
2906 13841
2907 12935
2908 12006
2909 11514
2910 13096
2911 13239
2912 12217
2913 11293
2914 11301
2915 13497
2916 13521
2917 12581
2918 12656
2919 12210
2920 13866
2921 13924
2922 12943
2923 12571
2924 12083
2925 12144
2926 14237
2927 14318
2928 14414
2929 12991
2930 13514
2931 12610
2932 14698
2933 14764
2934 13848
2935 13902
2936 12522
2937 12778
2938 16141
2939 15207
2940 14340
2941 13915
2942 13493
2943 12940
2944 14726
2945 14702
2946 14822
2947 13892
2948 13944
2949 13038
2950 16090
2951 15198
2952 15017
2953 15062
2954 14180
2955 14250
2956 16290
2957 15365
2958 14956
2959 14067
2960 13601
2961 13239
2962 12822
2963 14881
2964 14922
2965 14018
2966 13630
2967 13231
2968 12865
2969 15334
2970 14907
2971 14398
2972 14464
2973 13056
2974 13529
2975 12153
2976 12794
2977 12862
2978 12900
2979 12023
2980 10620
2981 11176
2982 10794
2983 10296
2984 10366
2985 9459
2986 9576
2987 10607
2988 9668
2989 9704
2990 8793
2991 9853
2992 8920
2993 8848
2994 8001
2995 9113
2996 8726
2997 8162
2998 10341
2999 9396
3000 9031
3001 8588
3002 10600
3003 9669
3004 9755
3005 12820
3006 11925
3007 10527
3008 9426
3009 12896
3010 14211
3011 14285
3012 13388
3013 13484
3014 12538
3015 12583
3016 13691
3017 13698
3018 12837
3019 12823
3020 11930
3021 11631
3022 14093
3023 13157
3024 13193
3025 12324
3026 12193
3027 14485
3028 13513
3029 13638
3030 12234
3031 12815
3032 11823
3033 14995
3034 14039
3035 14125
3036 14166
3037 12782
3038 16347
3039 15484
3040 15474
3041 15585
3042 14631
3043 14749
3044 17770
3045 16939
3046 17027
3047 16052
3048 15712
3049 15145
3050 15272
3051 17387
3052 16416
3053 16546
3054 15574
3055 15592
3056 14616
3057 14058
3058 15783
3059 14871
3060 14886
3061 14033
3062 14044
3063 13148
3064 13257
3065 14267
3066 14357
3067 13480
3068 13537
3069 12601
3070 12652
3071 13776
3072 12835
3073 12886
3074 12992
3075 13059
3076 11647
3077 13230
3078 11846
3079 12328
3080 12437
3081 10966
3082 10561
3083 10673
3084 10731
3085 9838
3086 9650
3087 8936
3088 10076
3089 10072
3090 9115
3091 8248
3092 10335
3093 9394
3094 9512
3095 9494
3096 10676
3097 10770
3098 10781
3099 9568
3100 11978
3101 12082
3102 11131
3103 11237
3104 10255
3105 12392
3106 12441
3107 12421
3108 11531
3109 10595
3110 12671
3111 12722
3112 11770
3113 11890
3114 10258
3115 12073
3116 12113
3117 11227
3118 9812
3119 10027
3120 11509
3121 10546
3122 10611
3123 9704
3124 9798
3125 10924
3126 10975
3127 11054
3128 10101
3129 13239
3130 12272
3131 12316
3132 12419
3133 11475
3134 13513
3135 12608
3136 12710
3137 11363
3138 10878
3139 10977
3140 12054
3141 11116
3142 11226
3143 10242
3144 9723
3145 11439
3146 11498
3147 10107
3148 10675
3149 12763
3150 11856
3151 11897
3152 12048
3153 11024
3154 13139
3155 12279
3156 12360
3157 11401
3158 11482
3159 13585
3160 12186
3161 12741
3162 11831
3163 11898
3164 10998
3165 12091
3166 12213
3167 11262
3168 11300
3169 10359
3170 12451
3171 12501
3172 11555
3173 11639
3174 10549
3175 12764
3176 12833
3177 11913
3178 11990
3179 11831
3180 14155
3181 13232
3182 13270
3183 13332
3184 12427
3185 12176
3186 13581
3187 13920
3188 12249
3189 12832
3190 11885
3191 11014
3192 13048
3193 13194
3194 13192
3195 12354
3196 10918
3197 11098
3198 13022
3199 12530
3200 12119
3201 11696
3202 11524
3203 13855
3204 12465
3205 11965
3206 12081
3207 11168
3208 14220
3209 13302
3210 13405
3211 11968
3212 12548
3213 12239
3214 14649
3215 14258
3216 13803
3217 13872
3218 12937
3219 16041
3220 14657
3221 13746
3222 14278
3223 13358
3224 13017
3225 11718
3226 15608
3227 14661
3228 13753
3229 13824
3230 13903
3231 16986
3232 17024
3233 16158
3234 16201
3235 15257
3236 15299
3237 14360
3238 14489
3239 13518
3240 12657
3241 12719
3242 11765
3243 11868
3244 10919
3245 10953
3246 11086
3247 11173
3248 10179
3249 9521
3250 9413
3251 10480
3252 9549
3253 9633
3254 8222
3255 9805
3256 9916
3257 8512
3258 12039
3259 12182
3260 11243
3261 10284
3262 13385
3263 12434
3264 12497
3265 11091
3266 11555
3267 13778
3268 12844
3269 12875
3270 11960
3271 11495
3272 13151
3273 12198
3274 12280
3275 11340
3276 11393
3277 13574
3278 12663
3279 12645
3280 11745
3281 11851
3282 13886
3283 13987
3284 13070
3285 13143
3286 12217
3287 12267
3288 13363
3289 13392
3290 12546
3291 12601
3292 11189
3293 11722
3294 12842
3295 12937
3296 11528
3297 11094
3298 11114
3299 12200
3300 11289
3301 11501
3302 11467
3303 10476
3304 11521
3305 10628
3306 10253
3307 10696
3308 9318
3309 10937
3310 11031
3311 11116
3312 10238
3313 12296
3314 11350
3315 10450
3316 10074
3317 9606
3318 11710
3319 11801
3320 10861
3321 10945
3322 9956
3323 12100
3324 10692
3325 11237
3326 10295
3327 13411
3328 11994
3329 12529
3330 11580
3331 11711
3332 14767
3333 14829
3334 13938
3335 14016
3336 13032
3337 12899
3338 16149
3339 15212
3340 15285
3341 14388
3342 14436
3343 13547
3344 15620
3345 15704
3346 14826
3347 13827
3348 13838
3349 13904
3350 12349
3351 15125
3352 14178
3353 14228
3354 13865
3355 13451
3356 13273
3357 15685
3358 15670
3359 14746
3360 14835
3361 13937
3362 13804
3363 14076
3364 13179
3365 12764
3366 12277
3367 12330
3368 12354
3369 11472
3370 11509
3371 11560
3372 10607
3373 10238
3374 9743
3375 9799
3376 9336
3377 8835
3378 8001
3379 9920
3380 8913
3381 7965
3382 8016
3383 9104
3384 7652
3385 8251
3386 7302
3387 9331
3388 9392
3389 8411
3390 10554
3391 9596
3392 9648
3393 8106
3394 9763
3395 9339
3396 8349
3397 8329
3398 9869
3399 9425
3400 8953
3401 11969
3402 11030
3403 9601
3404 10118
3405 13134
3406 12187
3407 11761
3408 11279
3409 11124
3410 10383
3411 10248
3412 10478
3413 9498
3414 9457
3415 8539
3416 9605
3417 9183
3418 8666
3419 8748
3420 9753
3421 9765
3422 9840
3423 11858
3424 11002
3425 11014
3426 11044
3427 9966
3428 12153
3429 12099
3430 11127
3431 10204
3432 12264
3433 11377
3434 10926
3435 10440
3436 10348
3437 12540
3438 11612
3439 10233
3440 10806
3441 12989
3442 11547
3443 10025
3444 12862
3445 12904
3446 11803
3447 12589
3448 12058
3449 12082
3450 11677
3451 11189
3452 11275
3453 11307
3454 10329
3455 10374
3456 10374
3457 11379
3458 9939
3459 10516
3460 9500
3461 9349
3462 11647
3463 10221
3464 10671
3465 9687
3466 11778
3467 11836
3468 10796
3469 10382
3470 10561
3471 10901
3472 10968
3473 10042
3474 10026
3475 12107
3476 11107
3477 11144
3478 11239
3479 10256
3480 12331
3481 11385
3482 11392
3483 10457
3484 10380
3485 10652
3486 10678
3487 9745
3488 9514
3489 8902
3490 9976
3491 9041
3492 8815
3493 8190
3494 9254
3495 9354
3496 7929
3497 10494
3498 10562
3499 9132
3500 9513
3501 10693
3502 10797
3503 9898
3504 9736
3505 9000
3506 10080
3507 10120
3508 9157
3509 9171
3510 9318
3511 9399
3512 8438
3513 8531
3514 8600
3515 8671
3516 7582
3517 7777
3518 7892
3519 7006
3520 6543
3521 7097
3522 6251
3523 5522
3524 8406
3525 7477
3526 10515
3527 9610
3528 9662
3529 8720
3530 10781
3531 10907
3532 9948
3533 9821
3534 12113
3535 12143
3536 11267
3537 11392
3538 11179
3539 13507
3540 12091
3541 13282
3542 11674
3543 11754
3544 12784
3545 12854
3546 11992
3547 11549
3548 10922
3549 10238
3550 12249
3551 10811
3552 9870
3553 10391
3554 12459
3555 11614
3556 11575
3557 11684
3558 10695
3559 12751
3560 12805
3561 11894
3562 11972
3563 11599
3564 12951
3565 13052
3566 12122
3567 12195
3568 11202
3569 14341
3570 13340
3571 12929
3572 12445
3573 12067
3574 13565
3575 12649
3576 11247
3577 11876
3578 10889
3579 10944
3580 12027
3581 11107
3582 11152
3583 10221
3584 10261
3585 11396
3586 10479
3587 10538
3588 9611
3589 9698
3590 10767
3591 10774
3592 10910
3593 9313
3594 11042
3595 9630
3596 10186
3597 9269
3598 9100
3599 10366
3600 9962
3601 9481
3602 9125
3603 11200
3604 10681
3605 10771
3606 9790
3607 11920
3608 10959
3609 11078
3610 10107
3611 10155
3612 12305
3613 10892
3614 11497
3615 10532
3616 13091
3617 12123
3618 12261
3619 12295
3620 11384
3621 11222
3622 13514
3623 12553
3624 12601
3625 11149
3626 11336
3627 12730
3628 11750
3629 11827
3630 10814
3631 10858
3632 11864
3633 10978
3634 10585
3635 10144
3636 9192
3637 12220
3638 11289
3639 11372
3640 11253
3641 13506
3642 12063
3643 12620
3644 11654
3645 11721
3646 11472
3647 13860
3648 13920
3649 12567
3650 13080
3651 12106
3652 14175
3653 12768
3654 13246
3655 12315
3656 11366
3657 11429
3658 12865
3659 15549
3660 15147
3661 14706
3662 14531
3663 14602
3664 14785
3665 13860
3666 13977
3667 13009
3668 12649
3669 12203
3670 12177
3671 11318
3672 10412
3673 10040
3674 9617
3675 9701
3676 8793
3677 8820
3678 7843
3679 7922
3680 6987
3681 8074
3682 7152
3683 7175
3684 7301
3685 7373
3686 7462
3687 7508
3688 6101
3689 6637
3690 7743
3691 6297
3692 6860
3693 7933
3694 7027
3695 7085
3696 8162
3697 7235
3698 7044
3699 6387
3700 7483
3701 6521
3702 6363
3703 7717
3704 6782
3705 8828
3706 7937
3707 7801
3708 10148
3709 10148
3710 10264
3711 13342
3712 12424
3713 11030
3714 11603
3715 11626
3716 13753
3717 13819
3718 13938
3719 13015
3720 13047
3721 15143
3722 13744
3723 14312
3724 13351
3725 12979
3726 12522
3727 14653
3728 13252
3729 13777
3730 12860
3731 11952
3732 11894
3733 15044
3734 14159
3735 14199
3736 13312
3737 13395
3738 16520
3739 15529
3740 15568
3741 15633
3742 14671
3743 14310
3744 13828
3745 16494
3746 15590
3747 16130
3748 15179
3749 15330
3750 14362
3751 17373
3752 16462
3753 16633
3754 15215
3755 15746
3756 14789
3757 13886
3758 17028
3759 17076
3760 16165
3761 16190
3762 15297
3763 15399
3764 14499
3765 17527
3766 17588
3767 17690
3768 16316
3769 16832
3770 15907
3771 15914
3772 14527
3773 15123
3774 14214
3775 14265
3776 12857
3777 11971
3778 12522
3779 11599
3780 11531
3781 12812
3782 11820
3783 11933
3784 11002
3785 10069
3786 12154
3787 12230
3788 11293
3789 10897
3790 10456
3791 10512
3792 10581
3793 10212
3794 9764
3795 9825
3796 9821
3797 9882
3798 9962
3799 8506
3800 10177
3801 8763
3802 9274
3803 9351
3804 10532
3805 9631
3806 8692
3807 8679
3808 10823
3809 9872
3810 8482
3811 9079
3812 11145
3813 10220
3814 10292
3815 9341
3816 12438
3817 11518
3818 11569
3819 11644
3820 10605
3821 12858
3822 12959
3823 11981
3824 12058
3825 11149
3826 14241
3827 14265
3828 13390
3829 11983
3830 12489
3831 14630
3832 13701
3833 13823
3834 12882
3835 12517
3836 11863
3837 14113
3838 14211
3839 13292
3840 13346
3841 12419
3842 11505
3843 13553
3844 13656
3845 13713
3846 12309
3847 12853
3848 14979
3849 15033
3850 14173
3851 14253
3852 14320
3853 13356
3854 15420
3855 14020
3856 14612
3857 13676
3858 13739
3859 12846
3860 14899
3861 14013
3862 14083
3863 13156
3864 13271
3865 12326
3866 14447
3867 13491
3868 13599
3869 12205
3870 12751
3871 12820
3872 13901
3873 14059
3874 13055
3875 13181
3876 12695
3877 11265
3878 13872
3879 14384
3880 13463
3881 13510
3882 12604
3883 14713
3884 13285
3885 13844
3886 13969
3887 13984
3888 12967
3889 16171
3890 15159
3891 15249
3892 14289
3893 14352
3894 13456
3895 15585
3896 14139
3897 14706
3898 13791
3899 13828
3900 12968
3901 12769
3902 14635
3903 14177
3904 14291
3905 12870
3906 13454
3907 12473
3908 15587
3909 14668
3910 14698
3911 13792
3912 13935
3913 13586
3914 15066
3915 15145
3916 14235
3917 14320
3918 13419
3919 13385
3920 15579
3921 14696
3922 13757
3923 13811
3924 13864
3925 12979
3926 15091
3927 14132
3928 13204
3929 13258
3930 12318
3931 12459
3932 14499
3933 13621
3934 13675
3935 12740
3936 12866
3937 11914
3938 14039
3939 14088
3940 13177
3941 13489
3942 12352
3943 12432
3944 12476
3945 12643
3946 11655
3947 11696
3948 10789
3949 9851
3950 11882
3951 10988
3952 11095
3953 10034
3954 12240
3955 11289
3956 11414
3957 10002
3958 10498
3959 10644
3960 10707
3961 9752
3962 9879
3963 9723
3964 10950
3965 10069
3966 9652
3967 9218
3968 12267
3969 10851
3970 11448
3971 10519
3972 10168
3973 11180
3974 10280
3975 10819
3976 9891
3977 9761
3978 11053
3979 10136
3980 10213
3981 9264
3982 10326
3983 9420
3984 9538
3985 8591
3986 8445
3987 9768
3988 9826
3989 8369
3990 9981
3991 9979
3992 9000
3993 8870
3994 10211
3995 9295
3996 8876
3997 8866
3998 8254
3999 7612
4000 7555
4001 7775
4002 6797
4003 6863
4004 6984
4005 6018
4006 5935
4007 6156
4008 5432
4009 7373
4010 6537
4011 6394
4012 7110
4013 6698
4014 6555
4015 8815
4016 8947
4017 7957
4018 10120
4019 10072
4020 9077
4021 11222
4022 10292
4023 10389
4024 10420
4025 12492
4026 11581
4027 11211
4028 10760
4029 9809
4030 11946
4031 10990
4032 11067
4033 9652
4034 9568
4035 10377
4036 10408
4037 10513
4038 9509
4039 11624
4040 10244
4041 10755
4042 9835
4043 11926
4044 11043
4045 11031
4046 10153
4047 10211
4048 10328
4049 8911
4050 9520
4051 8438
4052 8554
4053 8716
4054 8748
4055 7800
4056 9838
4057 8431
4058 7985
4059 7766
4060 10134
4061 9254
4062 9412
4063 11410
4064 10463
4065 10488
4066 9650
4067 11665
4068 10785
4069 10826
4070 9898
4071 9649
4072 12004
4073 12070
4074 11197
4075 11206
4076 13332
4077 13355
4078 12401
4079 12458
4080 11562
4081 14631
4082 14737
4083 13799
4084 13857
4085 12973
4086 11424
4087 13171
4088 13217
4089 11780
4090 12360
4091 11411
4092 14464
4093 13548
4094 12127
4095 11733
4096 13711
4097 13544
4098 16900
4099 16997
4100 16064
4101 16114
4102 15218
4103 15261
4104 18277
4105 17379
4106 17453
4107 16556
4108 16563
4109 16194
4110 15249
4111 18828
4112 17896
4113 17943
4114 16548
4115 17105
4116 16187
4117 16250
4118 15204
4119 18389
4120 17450
4121 17471
4122 17584
4123 16599
4124 16720
4125 15801
4126 17889
4127 17956
4128 16546
4129 17098
4130 17189
4131 15787
4132 16298
4133 14888
4134 16512
4135 16607
4136 15633
4137 15654
4138 14713
4139 14337
4140 13760
4141 16427
4142 15986
4143 16051
4144 14651
4145 15210
4146 14275
4147 14410
4148 14455
4149 13550
4150 13617
4151 13662
4152 12768
4153 12882
4154 11994
4155 12082
4156 11179
4157 11283
4158 10324
4159 10357
4160 10444
4161 10536
4162 9086
4163 9606
4164 9167
4165 8779
4166 8825
4167 8865
4168 8053
4169 7987
4170 8085
4171 6705
4172 6762
4173 8339
4174 8384
4175 7458
4176 8579
4177 8600
4178 7670
4179 9766
4180 8859
4181 8951
4182 7910
4183 10020
4184 8636
4185 9158
4186 11296
4187 10386
4188 10437
4189 10475
4190 12609
4191 11853
4192 10760
4193 10383
4194 9920
4195 12004
4196 10627
4197 11223
4198 10254
4199 10195
4200 11908
4201 11430
4202 10534
4203 10554
4204 12680
4205 11284
4206 10450
4207 10940
4208 9401
4209 11065
4210 9683
4211 10187
4212 10223
4213 9351
4214 11399
4215 10982
4216 10541
4217 10351
4218 12665
4219 11255
4220 12854
4221 11447
4222 11002
4223 13045
4224 13117
4225 12237
4226 12253
4227 11364
4228 13445
4229 13558
4230 12620
4231 12216
4232 11792
4233 13944
4234 12963
4235 12038
4236 12094
4237 12122
4238 10663
4239 12357
4240 12460
4241 12481
4242 11630
4243 11305
4244 12844
4245 12838
4246 12937
4247 12009
4248 11497
4249 13088
4250 12248
4251 12291
4252 11334
4253 11242
4254 13573
4255 13537
4256 12641
4257 12774
4258 11818
4259 13842
4260 12973
4261 12557
4262 12146
4263 12269
4264 12025
4265 12403
4266 12462
4267 12628
4268 11597
4269 11690
4270 12757
4271 11927
4272 11978
4273 11052
4274 10953
4275 10865
4276 12261
4277 11330
4278 11322
4279 10382
4280 13512
4281 12601
4282 12643
4283 11684
4284 11245
4285 12835
4286 12904
4287 11934
4288 12059
4289 10598
4290 12154
4291 12250
4292 11333
4293 11360
4294 10469
4295 12549
4296 12657
4297 11721
4298 11777
4299 10855
4300 12950
4301 13012
4302 11599
4303 12277
4304 11901
4305 14336
4306 14446
4307 13028
4308 12629
4309 12694
4310 11745
4311 13831
4312 13501
4313 12068
4314 14098
4315 14143
4316 13198
4317 16340
4318 16341
4319 15428
4320 15514
4321 14530
4322 14523
4323 13130
4324 13704
4325 13778
4326 12902
4327 12991
4328 12036
4329 12139
4330 12185
4331 11245
4332 11402
4333 11467
4334 10571
4335 10625
4336 9683
4337 9797
4338 9840
4339 8969
4340 8942
4341 9051
4342 9077
4343 7666
4344 7856
4345 7816
4346 6949
4347 7479
4348 6543
4349 6187
4350 6651
4351 6194
4352 7810
4353 7839
4354 10992
4355 9554
4356 10143
4357 9087
4358 12291
4359 11329
4360 11390
4361 11275
4362 13574
4363 13616
4364 12741
4365 12799
4366 11868
4367 13935
4368 13546
4369 12640
4370 13242
4371 12245
4372 12197
4373 14449
4374 13509
4375 13530
4376 13673
4377 12694
4378 12438
4379 13845
4380 13928
4381 13018
4382 13111
4383 12182
4384 12154
4385 13225
4386 12337
4387 12408
4388 12486
4389 11566
4390 13608
4391 12690
4392 12633
4393 11710
4394 11853
4395 10939
4396 13979
4397 13106
4398 12646
4399 11756
4400 12145
4401 11385
4402 11269
4403 10492
4404 10567
4405 9656
4406 9250
4407 8819
4408 8856
4409 7913
4410 7806
4411 7077
4412 9209
4413 9269
4414 8341
4415 9441
4416 9513
4417 8106
4418 8100
4419 9704
4420 9774
4421 8372
4422 8416
4423 9987
4424 9057
4425 9156
4426 8250
4427 10319
4428 9362
4429 8953
4430 8530
4431 8604
4432 8641
4433 7670
4434 7270
4435 7918
4436 7951
4437 7066
4438 8113
4439 8210
4440 7251
4441 8520
4442 7498
4443 7518
4444 6551
4445 7679
4446 6283
4447 6842
4448 6918
4449 5369
4450 6020
4451 6089
4452 6203
4453 6317
4454 4625
4455 6417
4456 6239
4457 7511
4458 7622
4459 7290
4460 9800
4461 8912
4462 8148
4463 10022
4464 10089
4465 9208
4466 9115
4467 10426
4468 9466
4469 9494
4470 9376
4471 9676
4472 9751
4473 9735
4474 8325
4475 9947
4476 10011
4477 9138
4478 8614
4479 10174
4480 9342
4481 8872
4482 8391
4483 8603
4484 8441
4485 7586
4486 7609
4487 7663
4488 6682
4489 5742
4490 6899
4491 6947
4492 5695
4493 7061
4494 6112
4495 9209
4496 7790
4497 11345
4498 9925
4499 10499
4500 9588
4501 11643
4502 11776
4503 10870
4504 10293
4505 12986
4506 11526
4507 12121
4508 11213
4509 11170
4510 12310
4511 10703
4512 11283
4513 10359
4514 10426
4515 11505
4516 10560
4517 10676
4518 9260
4519 9814
4520 10926
4521 11063
4522 10110
4523 10224
4524 11218
4525 9819
4526 11383
4527 10555
4528 10504
4529 11657
4530 10732
4531 10937
4532 9869
4533 12549
4534 11970
4535 12082
4536 10648
4537 12191
4538 11277
4539 11351
4540 11436
4541 10458
4542 12564
4543 11673
4544 11724
4545 10842
4546 10830
4547 13975
4548 13048
4549 12725
4550 12202
4551 12280
4552 14394
4553 14479
4554 13518
4555 13553
4556 12650
4557 12675
4558 13873
4559 13951
4560 13021
4561 13056
4562 11641
4563 11230
4564 14295
4565 13277
4566 13366
4567 13438
4568 12486
4569 15590
4570 15668
4571 14765
4572 14795
4573 14841
4574 13918
4575 16995
4576 16619
4577 16229
4578 15227
4579 15303
4580 14405
4581 14393
4582 13002
4583 12954
4584 13704
4585 12777
4586 11881
4587 11935
4588 10982
4589 11076
4590 11153
4591 10769
4592 10378
4593 10185
4594 9429
4595 11559
4596 10641
4597 10248
4598 9825
4599 11830
4600 10945
4601 10956
4602 10044
4603 10105
4604 10151
4605 10253
4606 9358
4607 9427
4608 10515
4609 9075
4610 9622
4611 8700
4612 10762
4613 9805
4614 8917
4615 8989
4616 11160
4617 9708
4618 10236
4619 9356
4620 11433
4621 10048
4622 10539
4623 10625
4624 12650
4625 11656
4626 11750
4627 11822
4628 10818
4629 12986
4630 12954
4631 13026
4632 12080
4633 11924
4634 12276
4635 12273
4636 11373
4637 10475
4638 10290
4639 9568
4640 10676
4641 10281
4642 9841
4643 8907
4644 8214
4645 10033
4646 9115
4647 8415
4648 11269
4649 10334
4650 10415
4651 9485
4652 11579
4653 10748
4654 10735
4655 9787
4656 9695
4657 12032
4658 11974
4659 10988
4660 10333
4661 12184
4662 12213
4663 11289
4664 11378
4665 10417
4666 12572
4667 11590
4668 11671
4669 10738
4670 10652
4671 11893
4672 11929
4673 11022
4674 11098
4675 10188
4676 11304
4677 11313
4678 11446
4679 10048
4680 10554
4681 10607
4682 10682
4683 10754
4684 9817
4685 9853
4686 9916
4687 9321
4688 8877
4689 9133
4690 8190
4691 8218
4692 7301
4693 7352
4694 8461
4695 7512
4696 7607
4697 5898
4698 7749
4699 6851
4700 8973
4701 7535
4702 7865
4703 10115
4704 8693
4705 9208
4706 8261
4707 9380
4708 8993
4709 8497
4710 8329
4711 10213
4712 9707
4713 9840
4714 9078
4715 11972
4716 12061
4717 11109
4718 11207
4719 13285
4720 12924
4721 12011
4722 12556
4723 11637
4724 13719
4725 12344
4726 11394
4727 11897
4728 11923
4729 10841
4730 13214
4731 13275
4732 12270
4733 12335
4734 11455
4735 13495
4736 13592
4737 12182
4738 12741
4739 12195
4740 13922
4741 12996
4742 12997
4743 12099
4744 12196
4745 12232
4746 13394
4747 13443
4748 12541
4749 11629
4750 9975
4751 15730
4752 14734
4753 14363
4754 13934
4755 13989
4756 12596
4757 12451
4758 14230
4759 14257
4760 13866
4761 13389
4762 13522
4763 12541
4764 15661
4765 15832
4766 14894
4767 14913
4768 13972
4769 13917
4770 17094
4771 16203
4772 16311
4773 16415
4774 15447
4775 15501
4776 18605
4777 17703
4778 16295
4779 16409
4780 15900
4781 16027
4782 16097
4783 15146
4784 17203
4785 17326
4786 15923
4787 16468
4788 15547
4789 15660
4790 15139
4791 16808
4792 16913
4793 15996
4794 16082
4795 16119
4796 14711
4797 15230
4798 17361
4799 17444
4800 17501
4801 16577
4802 15654
4803 15704
4804 14838
4805 16881
4806 16963
4807 16022
4808 15140
4809 15187
4810 14282
4811 14162
4812 16376
4813 15452
4814 15077
4815 14605
4816 14501
4817 13050
4818 13548
4819 15690
4820 15792
4821 15812
4822 14915
4823 13495
4824 14068
4825 17190
4826 16209
4827 16297
4828 15350
4829 15471
4830 14574
4831 14418
4832 16712
4833 15737
4834 15769
4835 14899
4836 15039
4837 13591
4838 13792
4839 17200
4840 17261
4841 16296
4842 16406
4843 15414
4844 15527
4845 18545
4846 17683
4847 17761
4848 17820
4849 16879
4850 15937
4851 15593
4852 15116
4853 17372
4854 17301
4855 16894
4856 16468
4857 15584
4858 15650
4859 14702
4860 17857
4861 17902
4862 16914
4863 16969
4864 16016
4865 15631
4866 15161
4867 18283
4868 18384
4869 17428
4870 17513
4871 16612
4872 16692
4873 15747
4874 15649
4875 18920
4876 19008
4877 18090
4878 16838
4879 17253
4880 16365
4881 16386
4882 19561
4883 18616
4884 18690
4885 17275
4886 17864
4887 16482
4888 16999
4889 16091
4890 18173
4891 16789
4892 17307
4893 16929
4894 16455
4895 16510
4896 15639
4897 15689
4898 17802
4899 17873
4900 17893
4901 16981
4902 16598
4903 16193
4904 16229
4905 15954
4906 18364
4907 17444
4908 17573
4909 16639
4910 15720
4911 15757
4912 15568
4913 17871
4914 16941
4915 16484
4916 16072
4917 15095
4918 14721
4919 15279
4920 13772
4921 16435
4922 15540
4923 15584
4924 15688
4925 14696
4926 14779
4927 16809
4928 16448
4929 16046
4930 16109
4931 15200
4932 15274
4933 14354
4934 16412
4935 16018
4936 15590
4937 15618
4938 14712
4939 13292
4940 13855
4941 16962
4942 15547
4943 14626
4944 15140
4945 14235
4946 14325
4947 17382
4948 17419
4949 16552
4950 16588
4951 15644
4952 15706
4953 15659
4954 17921
4955 17985
4956 18075
4957 16679
4958 16261
4959 16317
4960 15399
4961 18498
4962 17581
4963 17658
4964 16248
4965 15871
4966 14234
4967 17465
4968 17052
4969 18133
4970 18176
4971 18255
4972 17317
4973 17424
4974 16020
4975 16550
4976 15660
4977 17705
4978 16779
4979 17367
4980 16866
4981 15999
4982 16056
4983 16058
4984 14675
4985 16251
4986 16289
4987 15356
4988 14876
4989 13983
4990 14472
4991 13508
4992 14662
4993 14681
4994 13732
4995 13827
4996 12884
4997 12937
4998 14437
4999 13072
5000 12186
Average  12190
Min  4625
Max  21351
END