1 1566
2 1613
3 1664
4 1724
5 1859
6 1841
7 1996
8 2011
9 1298
10 1271
11 1305
12 1411
13 1474
14 1527
15 1653
16 1846
17 1144
18 1188
19 1268
20 1443
21 1505
22 1554
23 1282
24 1361
25 1498
26 1541
27 1569
28 1703
29 1882
30 1999
31 1331
32 1320
33 2128
34 1251
35 1343
36 1357
37 1466
38 1555
39 1551
40 1087
41 1144
42 1183
43 1266
44 1252
45 1562
46 1506
47 1543
48 1194
49 1371
50 1338
51 1252
52 1246
53 1316
54 1394
55 1410
56 1525
57 1566
58 1711
59 1740
60 1803
61 1185
62 1213
63 1987
64 2029
65 1326
66 1234
67 1310
68 1489
69 1415
70 1572
71 1627
72 1645
73 1180
74 1181
75 1931
76 1398
77 1482
78 1420
79 1515
80 1320
81 1374
82 1489
83 1545
84 1603
85 1736
86 1802
87 1128
88 2004
89 2079
90 2185
91 1263
92 1282
93 1442
94 1444
95 1516
96 1052
97 1019
98 1743
99 1768
100 1155
101 1200
102 1269
103 1355
104 1516
105 1217
106 1243
107 1357
108 1367
109 1485
110 1559
111 1592
112 1670
113 1774
114 1845
115 1907
116 2027
117 5454
118 3973
119 3342
120 2321
121 1388
122 1289
123 1738
124 1642
125 1697
126 1822
127 1866
128 1976
129 2036
130 2127
131 1248
132 1421
133 1405
134 1471
135 1525
136 1609
137 1693
138 1111
139 1267
140 1192
141 1442
142 1408
143 1561
144 1515
145 1590
146 1360
147 1492
148 1483
149 1600
150 1701
151 1690
152 1709
153 0974
154 1871
155 1950
156 1266
157 1329
158 2192
159 1320
160 1392
161 1422
162 1534
163 1603
164 1680
165 1723
166 1120
167 1385
168 1351
169 1484
170 1343
171 1506
172 1474
173 1337
174 1461
175 1527
176 1588
177 1684
178 1710
179 1816
180 1893
181 1982
182 1252
183 1378
184 1228
185 1305
186 1492
187 1530
188 1601
189 0986
190 0910
191 1120
192 1024
193 1145
194 1144
195 1245
196 1339
197 1337
198 1488
199 1478
200 1542
201 1306
202 1451
203 1492
204 1554
205 1593
206 1625
207 1735
208 1844
209 1884
210 2001
211 1312
212 2150
213 2223
214 1266
215 1594
216 1445
217 1510
218 1374
219 1462
220 1559
221 1587
222 1729
223 1162
224 1332
225 1283
226 1373
227 1422
228 1497
229 1259
230 1321
231 1435
232 1551
233 1570
234 1641
235 1725
236 1812
237 1944
238 1269
239 1276
240 2102
241 1226
242 1271
243 1279
244 1370
245 1431
246 1551
247 1064
248 1082
249 1027
250 1805
251 1242
252 1237
253 1381
254 1457
255 1469
256 1234
257 1339
258 1395
259 1471
260 1529
261 1652
262 1762
263 1756
264 1909
265 1931
266 1388
267 1399
268 2148
269 1258
270 1403
271 1490
272 1498
273 1639
274 1049
275 1133
276 1248
277 1066
278 1322
279 1378
280 1410
281 1225
282 1319
283 1323
284 1428
285 1473
286 1466
287 1572
288 1644
289 1775
290 1841
291 1293
292 1236
293 2005
294 2039
295 1485
296 1209
297 1296
298 1431
299 1568
300 1615
301 0923
302 1014
303 1110
304 1080
305 3812
306 2979
307 2042
308 1623
309 1705
310 1295
311 1346
312 1409
313 1523
314 1545
315 1058
316 1673
317 1058
318 1329
319 1132
320 1456
321 1394
322 1609
323 1221
324 1320
325 1354
326 1449
327 1599
328 1569
329 1686
330 1745
331 1885
332 1886
333 1256
334 2045
335 1410
336 1309
337 1313
338 1434
339 1541
340 0971
341 1117
342 1817
343 1299
344 1431
345 1453
346 1422
347 1466
348 1485
349 1258
350 1313
351 1382
352 2074
353 1628
354 1664
355 1709
356 1787
357 1848
358 1932
359 1990
360 1377
361 1219
362 1309
363 1354
364 1412
365 1422
366 1550
367 1018
368 1690
369 1082
370 1142
371 1236
372 1360
373 1396
374 1614
375 1210
376 1287
377 1424
378 1426
379 1598
380 1598
381 1724
382 1240
383 1860
384 1990
385 1307
386 1445
387 1369
388 1270
389 1373
390 1429
391 1534
392 0932
393 0998
394 1081
395 1225
396 1302
397 1295
398 1318
399 1478
400 1501
401 1301
402 1334
403 1402
404 1451
405 1601
406 1656
407 1704
408 1773
409 1781
410 1788
411 1877
412 1855
413 1937
414 2093
415 2039
416 2159
417 1214
418 1327
419 1400
420 1470
421 1544
422 1066
423 1013
424 1594
425 1610
426 1085
427 1797
428 1140
429 1152
430 1209
431 1211
432 1343
433 1410
434 1310
435 1382
436 1265
437 1272
438 1290
439 1311
440 1402
441 1392
442 1449
443 1467
444 1509
445 1586
446 1603
447 1631
448 1710
449 1794
450 1873
451 1898
452 1225
453 1994
454 2076
455 1333
456 2150
457 1252
458 1279
459 1366
460 1369
461 1448
462 1541
463 0896
464 1650
465 1033
466 1067
467 1125
468 1205
469 1331
470 1325
471 1370
472 1262
473 1261
474 1271
475 1415
476 1481
477 1564
478 1565
479 1640
480 1720
481 1793
482 1903
483 1335
484 1230
485 2096
486 1235
487 1308
488 1294
489 1420
490 1501
491 4464
492 3190
493 2149
494 1518
495 1336
496 1326
497 1991
498 2090
499 2119
500 1308
501 1242
502 1353
503 1388
504 1442
505 0875
506 0966
507 0971
508 0972
509 1078
510 1242
511 1185
512 1218
513 1284
514 1436
515 1491
516 1336
517 1411
518 1458
519 1592
520 1635
521 1659
522 1744
523 1877
524 1968
525 1163
526 2086
527 1224
528 1304
529 1401
530 1431
531 1519
532 1631
533 0951
534 1128
535 1163
536 1217
537 1296
538 1363
539 1246
540 1517
541 1403
542 1438
543 1574
544 1634
545 1716
546 1826
547 1920
548 1221
549 1990
550 2106
551 1252
552 1314
553 1369
554 1471
555 1550
556 0956
557 0966
558 1144
559 1140
560 1255
561 1302
562 1389
563 1288
564 1346
565 1416
566 1499
567 1632
568 1725
569 0985
570 1835
571 1938
572 1249
573 1255
574 1220
575 1324
576 1374
577 1457
578 1534
579 1650
580 1010
581 1210
582 1104
583 1270
584 1248
585 1362
586 1210
587 1672
588 1328
589 1444
590 1465
591 1652
592 1632
593 1729
594 1850
595 1168
596 1974
597 2091
598 1288
599 1288
600 1344
601 1422
602 1472
603 1567
604 1019
605 1047
606 1076
607 1226
608 1278
609 1393
610 1418
611 1451
612 1493
613 1349
614 1412
615 1530
616 1585
617 1090
618 1744
619 1840
620 1281
621 1328
622 1136
623 1227
624 1201
625 1288
626 1351
627 1475
628 1490
629 1482
630 0939
631 1631
632 0960
633 0988
634 1063
635 1137
636 1261
637 1271
638 1376
639 1660
640 1332
641 1428
642 1467
643 1560
644 1664
645 1772
646 1812
647 1105
648 1137
649 2104
650 2143
651 1283
652 1341
653 1428
654 1509
655 1517
656 1613
657 0994
658 0994
659 1067
660 1133
661 1259
662 1295
663 1388
664 1441
665 1232
666 1353
667 1446
668 1514
669 1579
670 1661
671 0994
672 1780
673 1901
674 1981
675 1998
676 2137
677 1233
678 4781
679 3751
680 2731
681 1501
682 1658
683 1216
684 1202
685 1803
686 1935
687 1992
688 2122
689 1301
690 1231
691 1513
692 1383
693 1475
694 1512
695 0947
696 1728
697 1117
698 1241
699 1226
700 1170
701 1414
702 1417
703 1441
704 1302
705 1370
706 1416
707 1544
708 1647
709 1703
710 1771
711 1818
712 1263
713 2048
714 2089
715 1544
716 1261
717 1244
718 1318
719 1385
720 1525
721 1596
722 1618
723 1221
724 1161
725 1281
726 1375
727 1407
728 1548
729 1260
730 1316
731 1463
732 1528
733 1580
734 1591
735 1677
736 1749
737 1806
738 1883
739 1949
740 2019
741 1308
742 1241
743 1526
744 1372
745 1468
746 1607
747 1600
748 1955
749 1211
750 1273
751 1487
752 1328
753 1316
754 1477
755 1531
756 1303
757 1338
758 1448
759 1521
760 1614
761 1733
762 1784
763 1869
764 1292
765 1317
766 2111
767 1255
768 1363
769 1298
770 1399
771 1394
772 1499
773 1604
774 1005
775 1189
776 1145
777 1866
778 1229
779 1311
780 1399
781 1523
782 1201
783 1276
784 1411
785 1497
786 1472
787 1576
788 1667
789 1758
790 1762
791 1819
792 1923
793 2017
794 2038
795 1278
796 1272
797 2176
798 1330
799 1359
800 1436
801 1503
802 1607
803 1160
804 1219
805 1816
806 1405
807 1360
808 1534
809 1524
810 1225
811 1338
812 1445
813 1461
814 1531
815 1622
816 1671
817 1827
818 1891
819 1195
820 1283
821 2063
822 2068
823 2193
824 1238
825 1369
826 1432
827 1485
828 1563
829 1649
830 1222
831 1790
832 1822
833 1283
834 1389
835 1386
836 1394
837 1523
838 1250
839 1275
840 1309
841 1344
842 1464
843 1549
844 1630
845 1678
846 1749
847 1854
848 1907
849 2024
850 2105
851 2109
852 1221
853 1351
854 1301
855 1347
856 1464
857 1523
858 1068
859 1683
860 1111
861 1202
862 1334
863 1288
864 1416
865 5011
866 3582
867 2732
868 1316
869 1489
870 1496
871 1612
872 1685
873 1742
874 1784
875 1274
876 1219
877 1348
878 1414
879 1366
880 1264
881 1563
882 1431
883 1497
884 1475
885 1590
886 1706
887 1828
888 1788
889 1789
890 1894
891 1938
892 2008
893 1220
894 1372
895 1309
896 1305
897 1406
898 1439
899 1551
900 1640
901 1122
902 1786
903 1173
904 1260
905 1220
906 1351
907 1300
908 1353
909 1237
910 1304
911 1410
912 1487
913 1561
914 1657
915 1751
916 1724
917 1840
918 1945
919 2027
920 1248
921 2080
922 2198
923 1328
924 1353
925 1423
926 1497
927 1575
928 0976
929 1089
930 1820
931 1308
932 1362
933 1372
934 1498
935 1235
936 1632
937 1417
938 1491
939 1513
940 1630
941 1702
942 1883
943 1156
944 1166
945 1983
946 2131
947 1218
948 1221
949 1296
950 1391
951 1425
952 1589
953 1603
954 1077
955 1787
956 1863
957 1184
958 1252
959 1251
960 1340
961 1380
962 1433
963 1532
964 1568
965 1298
966 1451
967 1408
968 1492
969 1614
970 1697
971 1795
972 1753
973 1854
974 1934
975 2010
976 1976
977 1287
978 1317
979 1204
980 1313
981 1353
982 1383
983 1430
984 1436
985 1514
986 1600
987 1704
988 1155
989 1791
990 1232
991 1263
992 1358
993 1362
994 1486
995 1205
996 1334
997 1415
998 1564
999 1632
1000 1628
1001 1671
1002 1903
1003 1827
1004 1894
1005 1974
1006 2066
1007 2162
1008 1260
1009 1401
1010 1474
1011 0935
1012 1001
1013 1008
1014 1098
1015 1188
1016 1286
1017 1308
1018 1412
1019 1567
1020 1287
1021 1349
1022 1385
1023 1485
1024 1442
1025 1539
1026 1551
1027 1675
1028 1722
1029 1814
1030 1778
1031 1145
1032 1965
1033 2005
1034 2096
1035 1390
1036 1274
1037 1768
1038 1423
1039 1544
1040 0924
1041 0929
1042 1760
1043 1152
1044 1965
1045 1254
1046 1306
1047 1372
1048 1469
1049 1513
1050 1235
1051 3893
1052 2411
1053 1627
1054 1504
1055 1777
1056 1719
1057 1786
1058 1115
1059 1347
1060 1301
1061 1424
1062 1477
1063 1518
1064 1282
1065 1368
1066 1394
1067 1546
1068 1596
1069 1684
1070 1749
1071 1880
1072 1107
1073 1978
1074 2053
1075 1219
1076 1271
1077 1309
1078 1407
1079 1510
1080 1639
1081 1608
1082 1047
1083 1142
1084 1187
1085 1268
1086 1439
1087 1380
1088 1395
1089 1282
1090 1306
1091 1354
1092 1447
1093 1577
1094 1709
1095 1695
1096 1754
1097 1872
1098 1901
1099 1219
1100 1363
1101 2153
1102 1226
1103 1319
1104 1415
1105 1601
1106 1558
1107 0931
1108 1027
1109 1072
1110 1128
1111 1192
1112 1224
1113 1558
1114 1668
1115 1408
1116 1278
1117 1327
1118 1395
1119 1482
1120 1552
1121 1623
1122 1729
1123 1751
1124 1742
1125 1848
1126 1913
1127 1229
1128 2015
1129 2093
1130 1266
1131 1316
1132 1348
1133 1478
1134 1494
1135 0956
1136 1650
1137 1108
1138 1020
1139 1059
1140 1254
1141 1356
1142 1441
1143 1410
1144 1229
1145 1306
1146 1383
1147 1468
1148 1532
1149 1600
1150 1576
1151 1699
1152 1826
1153 1864
1154 1918
1155 1951
1156 1182
1157 1279
1158 2186
1159 1217
1160 1274
1161 1330
1162 1312
1163 1392
1164 1448
1165 1539
1166 1594
1167 0956
1168 1144
1169 1052
1170 1125
1171 1117
1172 1464
1173 1487
1174 1340
1175 1444
1176 1221
1177 1294
1178 1337
1179 1390
1180 1488
1181 1588
1182 1625
1183 1695
1184 1868
1185 1812
1186 1909
1187 1936
1188 2027
1189 2066
1190 2093
1191 2161
1192 1298
1193 1325
1194 1495
1195 1515
1196 1490
1197 1597
1198 1068
1199 1191
1200 1821
1201 1236
1202 1245
1203 1296
1204 1434
1205 1479
1206 1586
1207 1243
1208 1310
1209 1432
1210 1515
1211 1507
1212 1650
1213 1664
1214 1782
1215 1794
1216 1860
1217 1284
1218 2013
1219 2075
1220 2181
1221 1253
1222 1281
1223 1377
1224 1488
1225 1489
1226 1613
1227 1692
1228 1229
1229 1126
1230 1229
1231 1347
1232 1362
1233 1430
1234 1405
1235 1460
1236 1499
1237 5175
1238 3685
1239 2881
1240 1473
1241 1569
1242 1607
1243 1157
1244 1765
1245 1235
1246 1315
1247 1394
1248 1407
1249 1512
1250 1277
1251 1322
1252 1386
1253 1447
1254 1538
1255 1632
1256 1627
1257 1713
1258 1859
1259 1863
1260 2175
1261 1327
1262 2139
1263 1300
1264 1309
1265 1384
1266 1530
1267 1590
1268 1026
1269 1052
1270 1821
1271 1188
1272 1264
1273 1338
1274 1416
1275 1469
1276 1483
1277 1515
1278 1588
1279 1509
1280 1256
1281 1321
1282 1448
1283 1551
1284 1672
1285 1678
1286 1703
1287 1767
1288 1787
1289 1906
1290 1251
1291 2044
1292 2088
1293 2109
1294 1233
1295 1265
1296 1367
1297 1399
1298 1487
1299 1601
1300 1079
1301 1101
1302 1766
1303 1798
1304 1278
1305 1274
1306 1398
1307 1403
1308 1515
1309 1270
1310 1328
1311 1403
1312 1618
1313 1489
1314 1624
1315 1706
1316 1788
1317 1839
1318 1889
1319 1988
1320 2066
1321 1184
1322 1265
1323 1373
1324 1387
1325 1513
1326 1632
1327 1072
1328 1056
1329 1105
1330 1195
1331 1262
1332 1314
1333 1391
1334 1491
1335 1277
1336 1294
1337 1385
1338 1430
1339 1567
1340 1573
1341 1700
1342 1829
1343 1866
1344 1861
1345 1942
1346 2106
1347 1877
1348 1929
1349 1276
1350 2105
1351 2086
1352 1394
1353 1272
1354 1366
1355 1421
1356 1499
1357 1575
1358 1014
1359 1012
1360 1750
1361 1808
1362 1308
1363 1251
1364 1507
1365 1382
1366 1424
1367 1243
1368 1350
1369 1416
1370 1485
1371 1523
1372 1538
1373 1652
1374 1671
1375 1773
1376 1803
1377 1876
1378 1868
1379 1985
1380 2028
1381 2192
1382 1282
1383 1360
1384 1430
1385 1468
1386 1600
1387 1620
1388 1046
1389 1868
1390 1253
1391 1210
1392 1446
1393 3967
1394 3175
1395 1700
1396 1330
1397 1399
1398 1451
1399 1502
1400 1598
1401 1639
1402 1103
1403 1248
1404 1150
1405 1378
1406 1238
1407 1326
1408 1294
1409 1375
1410 1475
1411 1538
1412 1299
1413 1352
1414 1424
1415 1479
1416 1613
1417 1587
1418 1728
1419 1729
1420 1864
1421 1894
1422 1342
1423 2087
1424 2157
1425 1236
1426 1585
1427 1395
1428 1474
1429 1550
1430 1468
1431 1543
1432 1618
1433 1706
1434 1120
1435 1253
1436 1194
1437 1316
1438 1309
1439 1526
1440 1487
1441 1287
1442 1298
1443 1372
1444 1442
1445 1483
1446 1589
1447 1626
1448 1778
1449 1843
1450 1820
1451 1938
1452 1353
1453 2109
1454 1237
1455 1292
1456 1428
1457 1495
1458 1475
1459 1486
1460 1025
1461 1602
1462 1701
1463 1238
1464 1261
1465 1361
1466 1407
1467 1462
1468 1402
1469 1554
1470 1233
1471 1370
1472 1455
1473 1511
1474 1576
1475 1651
1476 1702
1477 1837
1478 1901
1479 1227
1480 2060
1481 1352
1482 2122
1483 1246
1484 1267
1485 1314
1486 1417
1487 1481
1488 1572
1489 0973
1490 1082
1491 1156
1492 1283
1493 1092
1494 1291
1495 1457
1496 1524
1497 1549
1498 1251
1499 1693
1500 1415
1501 1503
1502 1513
1503 1660
1504 1705
1505 1763
1506 1842
1507 1907
1508 1995
1509 2065
1510 2125
1511 2113
1512 1220
1513 1262
1514 1378
1515 1433
1516 1503
1517 1542
1518 1658
1519 1066
1520 1767
1521 1810
1522 1155
1523 1923
1524 1282
1525 1326
1526 1427
1527 1468
1528 1538
1529 1500
1530 1350
1531 1397
1532 1477
1533 1594
1534 1718
1535 1718
1536 1832
1537 1891
1538 1156
1539 1166
1540 1975
1541 2037
1542 1357
1543 1205
1544 1259
1545 1385
1546 1416
1547 1540
1548 0970
1549 1724
1550 1167
1551 1094
1552 2455
1553 1236
1554 1389
1555 1472
1556 1263
1557 1409
1558 1390
1559 1485
1560 1625
1561 1669
1562 1710
1563 1820
1564 1911
1565 1245
1566 2004
1567 1416
1568 1255
1569 1304
1570 1390
1571 1669
1572 1570
1573 0911
1574 1796
1575 0993
1576 1291
1577 1238
1578 1496
1579 4166
1580 3233
1581 2292
1582 1347
1583 1420
1584 1499
1585 1597
1586 1666
1587 1070
1588 1279
1589 1193
1590 1311
1591 1386
1592 1551
1593 1500
1594 1276
1595 1287
1596 1434
1597 1476
1598 1549
1599 1620
1600 1689
1601 1747
1602 2093
1603 1798
1604 1842
1605 1954
1606 1976
1607 2005
1608 1367
1609 1441
1610 1252
1611 1426
1612 1496
1613 1502
1614 1514
1615 0973
1616 1031
1617 1679
1618 1028
1619 1870
1620 1249
1621 1328
1622 1463
1623 1298
1624 1272
1625 1521
1626 1357
1627 1477
1628 1514
1629 1562
1630 1673
1631 1680
1632 1817
1633 1876
1634 1890
1635 1960
1636 1229
1637 2107
1638 1196
1639 1285
1640 1531
1641 1433
1642 1475
1643 1561
1644 0994
1645 1142
1646 1115
1647 1273
1648 1207
1649 1320
1650 1447
1651 1466
1652 1524
1653 1283
1654 1340
1655 1399
1656 1532
1657 1582
1658 1709
1659 1785
1660 1833
1661 1924
1662 2014
1663 2095
1664 1454
1665 1256
1666 1287
1667 1400
1668 1533
1669 1592
1670 1594
1671 1707
1672 1072
1673 1199
1674 1161
1675 1406
1676 1467
1677 1516
1678 1525
1679 1283
1680 1362
1681 1422
1682 1565
1683 1551
1684 1706
1685 1727
1686 1787
1687 1870
1688 1951
1689 2043
1690 2090
1691 2116
1692 1274
1693 1310
1694 1440
1695 1525
1696 1493
1697 1574
1698 0963
1699 1790
1700 1146
1701 1279
1702 1270
1703 1344
1704 1437
1705 1549
1706 1231
1707 1314
1708 1426
1709 1533
1710 1550
1711 1659
1712 1732
1713 1814
1714 1888
1715 1953
1716 2025
1717 2135
1718 1394
1719 1336
1720 1349
1721 1426
1722 1493
1723 1617
1724 1702
1725 0945
1726 1104
1727 1305
1728 1359
1729 1369
1730 1470
1731 1532
1732 1283
1733 1400
1734 1399
1735 1486
1736 1605
1737 1688
1738 1774
1739 1776
1740 1865
1741 1923
1742 2039
1743 2096
1744 1457
1745 1323
1746 1372
1747 1517
1748 1520
1749 1533
1750 1041
1751 1157
1752 1142
1753 1213
1754 1293
1755 1248
1756 1437
1757 1472
1758 1555
1759 1320
1760 1358
1761 1489
1762 1556
1763 1587
1764 1713
1765 1720
1766 4236
1767 3243
1768 2349
1769 1968
1770 1562
1771 1498
1772 2221
1773 1355
1774 1423
1775 1426
1776 1542
1777 1630
1778 1700
1779 1838
1780 1979
1781 1338
1782 1238
1783 2081
1784 2171
1785 1418
1786 1284
1787 1383
1788 1505
1789 1501
1790 1618
1791 1012
1792 1224
1793 1164
1794 1138
1795 1330
1796 1304
1797 1361
1798 1417
1799 1506
1800 1576
1801 1260
1802 1341
1803 1432
1804 1513
1805 1567
1806 1696
1807 1761
1808 1842
1809 1863
1810 1893
1811 1950
1812 2007
1813 2008
1814 2111
1815 1217
1816 1283
1817 1448
1818 1449
1819 1552
1820 0984
1821 1196
1822 1659
1823 1787
1824 1832
1825 1936
1826 1381
1827 1469
1828 1452
1829 1242
1830 1340
1831 1385
1832 1496
1833 1538
1834 1639
1835 1677
1836 1803
1837 1895
1838 1241
1839 1989
1840 2097
1841 2158
1842 1244
1843 1311
1844 1317
1845 1427
1846 1511
1847 1603
1848 1689
1849 1993
1850 1183
1851 1154
1852 1912
1853 1292
1854 1407
1855 1480
1856 1453
1857 1608
1858 1604
1859 1296
1860 1365
1861 1442
1862 1510
1863 1597
1864 1658
1865 1727
1866 1797
1867 1876
1868 1161
1869 1264
1870 2143
1871 1190
1872 1269
1873 1341
1874 1445
1875 1529
1876 1016
1877 1703
1878 1757
1879 1267
1880 1364
1881 1294
1882 1522
1883 1522
1884 1225
1885 1312
1886 1365
1887 1474
1888 1530
1889 1616
1890 1685
1891 1761
1892 1821
1893 1937
1894 1237
1895 2056
1896 2135
1897 2196
1898 1303
1899 1325
1900 1429
1901 1507
1902 0904
1903 1057
1904 1115
1905 1241
1906 1092
1907 1247
1908 1427
1909 1341
1910 1468
1911 1539
1912 1290
1913 1348
1914 1438
1915 1514
1916 1586
1917 1667
1918 1763
1919 1845
1920 1960
1921 1983
1922 2015
1923 2155
1924 1265
1925 1359
1926 1407
1927 1482
1928 0917
1929 0927
1930 1721
1931 1019
1932 1320
1933 1152
1934 1178
1935 1378
1936 1534
1937 1405
1938 1241
1939 1377
1940 1439
1941 1579
1942 1574
1943 1690
1944 1755
1945 1874
1946 1880
1947 1127
1948 2056
1949 2138
1950 1236
1951 1314
1952 1378
1953 3939
1954 3013
1955 1628
1956 1705
1957 1144
1958 1827
1959 1961
1960 1077
1961 2080
1962 2203
1963 1268
1964 1313
1965 1420
1966 1464
1967 1514
1968 1650
1969 1027
1970 1096
1971 1089
1972 1120
1973 1205
1974 1307
1975 1373
1976 1419
1977 1327
1978 1321
1979 1316
1980 1408
1981 1524
1982 1490
1983 1644
1984 1706
1985 1795
1986 1996
1987 1898
1988 1977
1989 1277
1990 2154
1991 2189
1992 1267
1993 1359
1994 1412
1995 1507
1996 1555
1997 0980
1998 0985
1999 0969
2000 1116
2001 1120
2002 1192
2003 1256
2004 1345
2005 1369
2006 1227
2007 1286
2008 1369
2009 1438
2010 1519
2011 1579
2012 1682
2013 1710
2014 1748
2015 1821
2016 1884
2017 1913
2018 2001
2019 2125
2020 1382
2021 1216
2022 1331
2023 1410
2024 1502
2025 1524
2026 0909
2027 0995
2028 1007
2029 1012
2030 1101
2031 1173
2032 1257
2033 1358
2034 1396
2035 1232
2036 1348
2037 1436
2038 1683
2039 1585
2040 1617
2041 1651
2042 1750
2043 1723
2044 1771
2045 1819
2046 1890
2047 1989
2048 1349
2049 1323
2050 1247
2051 1323
2052 1413
2053 1434
2054 1445
2055 1530
2056 0914
2057 1694
2058 0987
2059 1106
2060 1167
2061 1180
2062 1156
2063 1263
2064 1335
2065 1452
2066 1227
2067 1303
2068 1398
2069 1514
2070 1529
2071 1594
2072 1724
2073 1786
2074 1854
2075 1989
2076 1178
2077 1286
2078 2131
2079 1285
2080 1321
2081 1348
2082 1398
2083 1543
2084 1595
2085 1036
2086 1037
2087 1856
2088 1076
2089 1191
2090 1288
2091 1171
2092 1371
2093 1442
2094 1524
2095 1240
2096 1370
2097 1426
2098 1560
2099 1549
2100 1674
2101 1774
2102 1818
2103 1955
2104 1953
2105 2048
2106 2077
2107 1422
2108 1279
2109 1305
2110 1389
2111 1460
2112 0921
2113 1648
2114 0987
2115 1112
2116 1201
2117 1092
2118 1197
2119 1290
2120 1428
2121 1229
2122 1345
2123 1399
2124 1460
2125 1508
2126 1513
2127 1655
2128 1749
2129 1840
2130 1880
2131 1948
2132 1968
2133 2040
2134 2127
2135 2161
2136 1245
2137 1360
2138 1435
2139 4947
2140 3928
2141 2789
2142 1640
2143 1220
2144 1333
2145 1068
2146 1904
2147 1916
2148 2009
2149 2072
2150 1347
2151 2151
2152 1308
2153 1397
2154 1448
2155 1503
2156 0904
2157 0975
2158 1737
2159 1071
2160 1206
2161 1980
2162 1436
2163 1451
2164 1671
2165 1255
2166 1372
2167 1442
2168 1568
2169 1602
2170 1667
2171 1718
2172 1866
2173 1902
2174 1966
2175 2033
2176 2170
2177 1384
2178 2252
2179 1298
2180 1424
2181 1491
2182 1569
2183 1046
2184 1716
2185 1264
2186 1214
2187 1354
2188 1390
2189 1420
2190 1438
2191 1411
2192 1429
2193 1535
2194 1622
2195 1341
2196 1425
2197 1427
2198 1513
2199 1607
2200 1602
2201 1623
2202 1738
2203 1794
2204 1908
2205 1959
2206 1249
2207 1238
2208 1289
2209 2054
2210 1260
2211 1263
2212 1293
2213 1469
2214 1455
2215 1525
2216 1055
2217 1696
2218 1258
2219 1207
2220 1229
2221 1313
2222 1434
2223 1400
2224 1438
2225 1263
2226 1374
2227 1469
2228 1540
2229 1701
2230 1630
2231 1722
2232 1818
2233 1180
2234 1139
2235 2035
2236 2113
2237 1245
2238 1324
2239 1378
2240 1449
2241 1544
2242 1637
2243 1669
2244 1163
2245 1316
2246 1334
2247 1317
2248 1400
2249 1529
2250 1290
2251 1284
2252 1410
2253 1484
2254 1581
2255 1598
2256 1721
2257 1767
2258 1900
2259 1302
2260 2011
2261 2073
2262 1358
2263 1312
2264 1382
2265 1453
2266 1544
2267 1626
2268 1719
2269 1184
2270 1212
2271 1273
2272 1314
2273 1485
2274 1568
2275 1231
2276 1319
2277 1353
2278 1539
2279 1525
2280 1612
2281 1645
2282 1753
2283 1793
2284 1864
2285 1974
2286 2074
2287 2100
2288 1248
2289 1242
2290 1317
2291 1414
2292 1514
2293 1526
2294 1601
2295 1705
2296 0974
2297 1891
2298 1115
2299 1201
2300 1172
2301 1295
2302 1373
2303 1418
2304 1423
2305 1272
2306 1336
2307 1390
2308 1508
2309 1586
2310 1670
2311 1807
2312 1803
2313 1878
2314 1977
2315 2083
2316 2119
2317 2184
2318 1324
2319 1381
2320 1442
2321 1510
2322 1033
2323 1006
2324 1037
2325 1123
2326 4770
2327 3462
2328 2302
2329 2106
2330 1689
2331 1260
2332 1378
2333 1506
2334 1358
2335 1456
2336 0929
2337 1647
2338 1010
2339 0986
2340 1099
2341 1101
2342 1259
2343 1266
2344 1395
2345 1380
2346 1267
2347 1353
2348 1451
2349 1663
2350 1547
2351 1642
2352 1716
2353 1869
2354 1960
2355 1984
2356 1160
2357 2123
2358 1336
2359 1268
2360 1382
2361 1451
2362 1511
2363 1647
2364 1703
2365 1035
2366 1165
2367 1840
2368 1241
2369 1294
2370 1354
2371 1317
2372 1394
2373 1258
2374 1273
2375 1399
2376 1389
2377 1514
2378 1530
2379 1658
2380 1705
2381 1757
2382 1180
2383 1249
2384 1996
2385 1217
2386 2166
2387 1281
2388 1331
2389 1382
2390 1428
2391 1554
2392 1600
2393 1680
2394 1161
2395 1140
2396 1293
2397 1255
2398 1325
2399 1376
2400 1438
2401 1507
2402 1418
2403 1495
2404 1583
2405 1669
2406 1707
2407 1817
2408 1889
2409 1994
2410 2043
2411 2097
2412 1344
2413 1292
2414 1388
2415 1493
2416 1572
2417 1632
2418 1755
2419 1809
2420 1199
2421 1214
2422 1262
2423 1355
2424 1465
2425 1433
2426 1349
2427 1340
2428 1487
2429 1527
2430 1570
2431 1730
2432 1767
2433 1701
2434 1780
2435 1823
2436 2157
2437 1737
2438 1804
2439 1917
2440 1997
2441 2065
2442 2128
2443 1241
2444 1331
2445 1338
2446 1390
2447 1461
2448 1541
2449 1643
2450 1011
2451 1026
2452 1104
2453 1304
2454 1232
2455 1237
2456 1373
2457 1397
2458 1278
2459 1307
2460 1424
2461 1552
2462 1575
2463 1667
2464 1702
2465 1797
2466 1901
2467 1935
2468 2016
2469 2075
2470 2189
2471 1246
2472 1342
2473 1365
2474 1427
2475 1543
2476 1608
2477 1077
2478 0977
2479 1079
2480 1110
2481 1277
2482 3920
2483 2969
2484 1539
2485 1300
2486 1346
2487 1452
2488 1568
2489 1098
2490 1141
2491 1147
2492 1161
2493 1198
2494 1184
2495 1257
2496 1390
2497 1416
2498 1272
2499 1366
2500 1434
2501 1462
2502 1522
2503 1700
2504 1719
2505 1273
2506 1902
2507 1968
2508 2045
2509 1423
2510 1315
2511 1309
2512 1399
2513 1536
2514 1526
2515 1649
2516 1668
2517 1269
2518 1309
2519 1408
2520 1389
2521 1404
2522 1496
2523 1355
2524 1411
2525 1462
2526 1533
2527 1659
2528 1705
2529 1783
2530 1766
2531 1947
2532 1961
2533 1216
2534 2035
2535 1259
2536 1217
2537 1307
2538 1374
2539 1479
2540 1507
2541 1656
2542 1734
2543 1392
2544 1308
2545 1316
2546 1351
2547 1425
2548 1619
2549 1604
2550 1301
2551 1368
2552 1442
2553 1573
2554 1590
2555 1650
2556 1793
2557 1268
2558 1869
2559 1969
2560 2041
2561 1377
2562 1361
2563 1291
2564 1367
2565 1457
2566 1487
2567 1565
2568 1694
2569 1766
2570 1342
2571 1329
2572 1368
2573 1523
2574 1496
2575 1241
2576 1250
2577 1376
2578 1430
2579 1508
2580 1598
2581 1634
2582 1750
2583 1830
2584 1914
2585 1983
2586 2048
2587 1361
2588 1244
2589 1269
2590 1398
2591 1468
2592 1535
2593 0996
2594 1680
2595 1711
2596 1225
2597 1167
2598 1306
2599 1321
2600 1447
2601 1496
2602 1217
2603 1285
2604 1320
2605 1453
2606 1496
2607 1567
2608 1544
2609 1643
2610 1745
2611 1804
2612 1872
2613 1944
2614 1316
2615 1295
2616 1232
2617 1329
2618 1379
2619 1430
2620 1499
2621 1563
2622 1616
2623 1149
2624 1180
2625 1130
2626 1236
2627 1342
2628 1393
2629 1317
2630 1232
2631 1267
2632 1314
2633 1425
2634 1484
2635 1573
2636 1643
2637 1675
2638 1725
2639 1795
2640 1177
2641 1177
2642 2009
2643 2098
2644 1331
2645 1254
2646 1293
2647 1392
2648 1516
2649 1532
2650 1563
2651 1152
2652 1745
2653 1124
2654 1320
2655 1265
2656 1287
2657 1396
2658 1441
2659 1277
2660 1451
2661 1378
2662 1437
2663 1512
2664 1521
2665 1646
2666 1590
2667 1644
2668 5176
2669 4146
2670 2819
2671 1402
2672 1491
2673 1433
2674 1215
2675 1439
2676 1254
2677 1306
2678 1339
2679 1424
2680 1509
2681 1573
2682 1663
2683 1686
2684 1796
2685 1770
2686 1871
2687 1930
2688 1169
2689 2070
2690 1241
2691 1253
2692 1313
2693 1377
2694 1508
2695 1615
2696 1681
2697 1010
2698 1002
2699 1840
2700 1929
2701 1191
2702 1158
2703 1260
2704 1317
2705 1371
2706 1236
2707 1236
2708 1379
2709 1497
2710 1585
2711 1554
2712 1843
2713 1789
2714 1797
2715 1900
2716 1964
2717 2094
2718 1376
2719 1244
2720 1316
2721 1426
2722 1515
2723 1509
2724 1638
2725 0960
2726 1773
2727 1841
2728 1167
2729 1207
2730 1300
2731 1434
2732 1278
2733 1333
2734 1396
2735 1511
2736 1584
2737 1654
2738 1721
2739 1784
2740 1882
2741 1968
2742 2038
2743 2159
2744 1223
2745 1284
2746 1391
2747 1423
2748 1567
2749 1644
2750 0973
2751 1054
2752 1959
2753 1092
2754 1179
2755 1185
2756 1284
2757 1397
2758 1445
2759 1311
2760 1335
2761 1442
2762 1522
2763 1548
2764 1780
2765 1667
2766 1790
2767 1891
2768 1957
2769 1333
2770 1411
2771 1229
2772 1264
2773 1368
2774 1448
2775 1601
2776 1605
2777 1108
2778 0993
2779 1884
2780 1156
2781 1159
2782 1254
2783 1302
2784 1373
2785 1461
2786 1318
2787 1334
2788 1399
2789 1496
2790 1553
2791 1673
2792 1715
2793 0988
2794 1892
2795 1977
2796 2034
2797 1283
2798 2114
2799 1220
2800 1303
2801 1413
2802 1500
2803 0944
2804 1677
2805 1658
2806 1127
2807 1035
2808 1190
2809 1208
2810 1288
2811 1384
2812 1434
2813 1313
2814 1393
2815 1467
2816 1682
2817 1614
2818 1698
2819 1774
2820 1887
2821 1242
2822 1176
2823 2040
2824 2180
2825 1234
2826 1306
2827 1371
2828 1485
2829 0975
2830 1607
2831 1692
2832 1017
2833 1122
2834 1223
2835 1413
2836 1337
2837 1473
2838 1276
2839 1420
2840 1485
2841 1523
2842 1582
2843 1683
2844 1740
2845 1112
2846 1918
2847 1982
2848 1206
2849 1236
2850 1251
2851 1385
2852 1468
2853 1474
2854 1603
2855 4762
2856 3311
2857 2388
2858 1876
2859 1491
2860 1383
2861 1246
2862 1235
2863 1357
2864 1364
2865 1465
2866 1565
2867 1085
2868 1092
2869 1080
2870 1225
2871 1363
2872 1361
2873 1409
2874 1536
2875 1233
2876 1313
2877 1359
2878 1464
2879 1583
2880 1672
2881 1710
2882 1800
2883 1898
2884 1204
2885 2004
2886 1353
2887 2141
2888 1288
2889 1390
2890 1447
2891 1487
2892 1079
2893 1074
2894 1747
2895 1226
2896 1163
2897 1185
2898 1268
2899 1365
2900 1374
2901 1218
2902 1391
2903 1395
2904 1482
2905 1523
2906 1553
2907 1603
2908 1661
2909 1766
2910 1850
2911 1923
2912 1984
2913 2015
2914 2128
2915 2185
2916 1301
2917 1404
2918 1450
2919 1555
2920 0894
2921 1008
2922 1052
2923 1161
2924 1262
2925 1191
2926 1378
2927 1512
2928 1228
2929 1281
2930 1355
2931 1433
2932 1476
2933 1565
2934 1664
2935 1896
2936 1147
2937 1910
2938 2010
2939 1337
2940 1317
2941 2155
2942 1250
2943 1281
2944 1361
2945 1469
2946 1477
2947 0936
2948 0957
2949 1096
2950 1812
2951 1839
2952 1189
2953 1244
2954 1459
2955 1556
2956 1303
2957 1995
2958 1328
2959 1433
2960 1515
2961 1591
2962 1820
2963 1782
2964 1741
2965 1820
2966 1950
2967 1994
2968 2122
2969 1236
2970 1271
2971 1376
2972 1562
2973 1470
2974 1453
2975 1535
2976 1034
2977 1151
2978 1041
2979 1131
2980 1116
2981 1201
2982 1316
2983 1307
2984 1432
2985 1227
2986 1320
2987 1422
2988 1535
2989 1550
2990 1609
2991 1678
2992 1752
2993 1731
2994 1817
2995 1905
2996 1131
2997 2014
2998 2082
2999 2164
3000 1222
3001 1299
3002 1295
3003 1419
3004 1442
3005 0916
3006 1667
3007 0948
3008 1070
3009 1080
3010 1097
3011 1203
3012 1441
3013 1309
3014 1257
3015 1304
3016 1349
3017 1357
3018 1479
3019 1544
3020 1711
3021 1685
3022 1806
3023 1926
3024 1938
3025 2002
3026 1199
3027 2033
3028 2074
3029 2155
3030 1234
3031 1383
3032 1465
3033 1504
3034 1531
3035 1577
3036 1077
3037 1051
3038 1094
3039 1135
3040 1173
3041 1436
3042 4937
3043 3565
3044 2669
3045 1258
3046 1357
3047 1360
3048 1454
3049 1550
3050 1643
3051 1761
3052 1756
3053 1834
3054 1345
3055 1294
3056 1395
3057 1466
3058 1529
3059 1308
3060 1357
3061 1419
3062 1490
3063 1579
3064 1668
3065 1734
3066 1795
3067 1892
3068 1923
3069 2007
3070 1326
3071 1191
3072 1281
3073 1382
3074 1436
3075 1538
3076 1057
3077 0987
3078 0959
3079 1176
3080 1926
3081 1278
3082 1399
3083 1508
3084 1503
3085 1610
3086 1297
3087 1371
3088 1483
3089 1554
3090 1669
3091 1747
3092 1787
3093 1844
3094 1997
3095 2019
3096 2066
3097 1329
3098 1230
3099 1310
3100 1366
3101 1468
3102 1579
3103 1640
3104 0945
3105 1715
3106 1818
3107 1147
3108 1301
3109 1311
3110 1408
3111 1498
3112 1262
3113 1302
3114 1360
3115 1474
3116 1525
3117 1594
3118 1678
3119 1783
3120 1896
3121 1879
3122 1276
3123 2051
3124 2130
3125 1226
3126 1365
3127 1458
3128 0827
3129 1581
3130 0954
3131 1135
3132 1732
3133 1815
3134 1868
3135 1266
3136 1397
3137 1441
3138 1695
3139 1275
3140 1368
3141 1398
3142 1468
3143 1589
3144 1669
3145 1680
3146 1828
3147 1909
3148 1217
3149 2090
3150 2131
3151 1432
3152 1270
3153 1402
3154 1462
3155 1553
3156 1038
3157 1761
3158 1765
3159 1217
3160 1197
3161 1430
3162 1432
3163 1460
3164 1228
3165 1314
3166 1376
3167 1473
3168 1586
3169 1595
3170 1676
3171 1769
3172 1835
3173 1941
3174 1279
3175 2080
3176 2165
3177 1267
3178 1361
3179 1426
3180 0892
3181 0901
3182 1635
3183 1006
3184 1121
3185 1095
3186 1137
3187 1162
3188 1282
3189 1327
3190 1453
3191 1276
3192 1272
3193 1335
3194 1367
3195 1459
3196 1538
3197 1581
3198 1706
3199 1836
3200 1952
3201 1941
3202 1184
3203 1190
3204 2089
3205 2165
3206 1239
3207 1358
3208 1467
3209 1490
3210 0925
3211 0992
3212 1057
3213 1165
3214 1190
3215 1283
3216 1316
3217 1416
3218 1438
3219 1270
3220 1352
3221 1469
3222 1472
3223 1572
3224 1622
3225 1633
3226 1769
3227 1817
3228 1953
3229 4863
3230 3408
3231 2470
3232 2231
3233 1782
3234 1230
3235 1352
3236 1408
3237 1494
3238 1537
3239 1646
3240 1720
3241 1798
3242 1872
3243 1283
3244 1988
3245 2079
3246 1236
3247 1295
3248 1363
3249 1425
3250 1536
3251 0925
3252 0978
3253 1104
3254 1197
3255 1268
3256 1323
3257 1374
3258 1550
3259 1530
3260 1278
3261 1319
3262 1442
3263 1488
3264 1560
3265 1631
3266 1717
3267 1802
3268 1885
3269 1911
3270 1999
3271 2073
3272 2118
3273 1233
3274 1413
3275 1440
3276 1461
3277 1559
3278 1652
3279 1149
3280 1268
3281 1053
3282 1896
3283 1324
3284 1444
3285 1399
3286 1494
3287 1276
3288 1374
3289 1473
3290 1490
3291 1620
3292 1586
3293 1686
3294 1717
3295 1789
3296 1211
3297 1983
3298 2009
3299 2015
3300 1380
3301 1251
3302 1266
3303 1338
3304 1485
3305 1559
3306 0999
3307 1208
3308 1119
3309 1104
3310 1142
3311 1244
3312 1368
3313 1417
3314 1233
3315 1330
3316 1395
3317 1462
3318 1496
3319 1576
3320 1678
3321 1699
3322 1789
3323 1901
3324 1967
3325 2001
3326 1326
3327 1220
3328 1326
3329 1416
3330 1493
3331 1604
3332 1643
3333 1038
3334 1168
3335 2046
3336 1201
3337 1459
3338 1438
3339 1586
3340 1242
3341 1277
3342 1383
3343 1753
3344 1569
3345 1625
3346 1699
3347 1785
3348 1781
3349 1903
3350 1945
3351 2028
3352 1330
3353 1251
3354 1240
3355 1356
3356 1433
3357 1486
3358 1078
3359 1092
3360 1708
3361 1761
3362 1828
3363 1885
3364 1301
3365 1437
3366 1471
3367 1539
3368 3529
3369 1612
3370 1470
3371 1472
3372 1515
3373 1637
3374 1729
3375 1782
3376 1944
3377 1276
3378 1321
3379 2084
3380 2092
3381 1213
3382 1327
3383 1351
3384 1440
3385 1508
3386 1631
3387 1121
3388 1122
3389 1809
3390 1176
3391 1243
3392 1290
3393 1280
3394 1457
3395 1432
3396 1525
3397 1284
3398 1288
3399 1407
3400 1547
3401 1515
3402 1640
3403 1687
3404 1798
3405 1213
3406 1186
3407 1971
3408 2047
3409 2168
3410 1232
3411 1340
3412 1425
3413 1502
3414 1549
3415 1580
3416 4169
3417 3250
3418 1823
3419 1225
3420 1436
3421 1405
3422 1286
3423 2181
3424 1266
3425 1321
3426 1391
3427 1483
3428 1600
3429 1612
3430 1109
3431 1259
3432 1881
3433 1407
3434 1306
3435 1566
3436 1438
3437 1680
3438 1297
3439 1584
3440 1467
3441 1457
3442 1532
3443 1644
3444 1736
3445 1833
3446 1870
3447 1901
3448 1983
3449 1300
3450 2114
3451 1210
3452 1299
3453 1425
3454 1477
3455 1578
3456 0940
3457 1741
3458 1114
3459 1125
3460 1185
3461 1193
3462 1424
3463 1378
3464 1475
3465 1296
3466 1353
3467 1454
3468 1536
3469 1530
3470 1678
3471 1716
3472 1939
3473 1946
3474 1094
3475 1942
3476 2002
3477 2129
3478 1366
3479 1232
3480 1341
3481 1437
3482 1494
3483 1522
3484 1093
3485 1007
3486 0977
3487 1033
3488 1150
3489 1137
3490 1262
3491 1296
3492 1414
3493 1224
3494 1309
3495 1454
3496 1516
3497 1606
3498 1633
3499 1753
3500 1889
3501 1167
3502 2000
3503 1990
3504 2110
3505 1228
3506 1268
3507 1319
3508 1430
3509 1537
3510 1588
3511 1668
3512 1807
3513 1108
3514 1120
3515 1182
3516 1419
3517 1367
3518 1280
3519 1310
3520 1393
3521 1451
3522 1501
3523 1628
3524 1673
3525 1760
3526 1811
3527 1936
3528 2000
3529 2101
3530 1526
3531 1470
3532 1294
3533 1347
3534 1446
3535 1523
3536 1564
3537 0963
3538 1082
3539 1028
3540 1163
3541 1103
3542 1302
3543 1269
3544 1488
3545 1514
3546 1303
3547 1388
3548 1598
3549 1528
3550 1632
3551 1639
3552 1757
3553 1796
3554 1883
3555 1402
3556 1314
3557 2147
3558 1253
3559 1338
3560 1459
3561 1555
3562 0934
3563 1619
3564 0988
3565 1834
3566 1099
3567 1399
3568 1342
3569 1502
3570 1231
3571 1285
3572 1333
3573 1457
3574 1575
3575 1642
3576 1690
3577 1723
3578 1833
3579 1956
3580 2046
3581 2064
3582 2140
3583 1227
3584 1344
3585 1479
3586 1501
3587 1611
3588 1046
3589 1617
3590 1654
3591 1127
3592 1738
3593 1846
3594 1196
3595 1355
3596 1324
3597 1427
3598 1487
3599 1611
3600 1375
3601 1310
3602 1374
3603 4360
3604 2896
3605 2069
3606 1635
3607 1540
3608 1091
3609 1218
3610 1287
3611 1329
3612 1431
3613 1510
3614 1661
3615 1302
3616 1318
3617 1359
3618 1430
3619 1555
3620 1625
3621 1665
3622 1723
3623 1810
3624 1899
3625 1970
3626 2036
3627 1285
3628 1310
3629 1211
3630 1324
3631 1344
3632 1406
3633 1506
3634 1622
3635 1679
3636 1817
3637 1124
3638 1245
3639 1324
3640 1392
3641 1495
3642 1247
3643 1351
3644 1460
3645 1531
3646 1581
3647 1679
3648 1723
3649 1806
3650 1921
3651 1975
3652 1995
3653 1188
3654 2127
3655 2174
3656 1256
3657 1327
3658 1439
3659 1486
3660 1559
3661 0960
3662 1042
3663 1079
3664 1060
3665 1226
3666 1313
3667 1487
3668 1453
3669 1463
3670 1354
3671 1393
3672 1518
3673 1529
3674 1649
3675 1745
3676 1801
3677 1943
3678 1916
3679 2023
3680 1201
3681 1231
3682 1279
3683 1360
3684 1460
3685 1513
3686 0924
3687 1053
3688 1616
3689 1716
3690 1082
3691 1096
3692 1238
3693 1210
3694 1371
3695 1272
3696 1405
3697 1407
3698 1256
3699 1390
3700 1344
3701 1494
3702 1527
3703 1716
3704 1801
3705 1776
3706 1859
3707 1923
3708 1995
3709 2062
3710 1215
3711 1226
3712 1279
3713 1362
3714 1476
3715 1514
3716 0926
3717 1599
3718 0924
3719 0967
3720 0987
3721 1219
3722 1241
3723 1318
3724 1426
3725 1235
3726 1284
3727 1332
3728 1479
3729 1463
3730 1556
3731 1692
3732 1723
3733 1783
3734 1881
3735 1157
3736 2004
3737 2112
3738 1213
3739 1274
3740 1330
3741 1358
3742 1361
3743 1472
3744 1517
3745 0894
3746 1815
3747 0971
3748 1110
3749 1893
3750 2097
3751 1269
3752 1444
3753 1450
3754 1263
3755 1319
3756 1450
3757 1474
3758 5001
3759 4031
3760 2687
3761 1765
3762 1344
3763 1422
3764 1341
3765 1538
3766 1506
3767 1268
3768 1656
3769 1441
3770 1457
3771 1504
3772 1644
3773 1720
3774 1819
3775 1883
3776 1962
3777 1987
3778 2115
3779 1203
3780 1389
3781 1248
3782 1358
3783 1403
3784 1442
3785 1502
3786 1586
3787 1074
3788 1111
3789 1839
3790 1306
3791 1294
3792 1428
3793 1500
3794 1508
3795 1610
3796 1325
3797 1406
3798 1522
3799 1605
3800 1634
3801 1696
3802 1940
3803 1829
3804 1897
3805 1213
3806 2111
3807 1256
3808 1250
3809 1348
3810 1418
3811 1505
3812 1122
3813 1591
3814 1661
3815 1113
3816 1263
3817 1238
3818 1318
3819 1388
3820 1486
3821 1240
3822 1350
3823 1332
3824 1423
3825 1527
3826 2320
3827 1297
3828 1355
3829 1441
3830 1488
3831 1551
3832 1645
3833 1704
3834 1832
3835 1159
3836 1979
3837 2043
3838 1426
3839 2228
3840 1288
3841 1373
3842 1461
3843 1526
3844 0985
3845 1007
3846 1759
3847 1852
3848 1261
3849 1269
3850 1326
3851 1461
3852 1492
3853 1524
3854 1548
3855 1400
3856 1449
3857 1560
3858 1618
3859 1705
3860 1801
3861 1850
3862 1250
3863 1980
3864 2095
3865 2146
3866 1238
3867 1337
3868 1425
3869 1482
3870 1585
3871 1719
3872 1147
3873 1149
3874 1841
3875 1268
3876 1435
3877 1434
3878 1494
3879 1229
3880 1375
3881 1377
3882 1447
3883 1495
3884 1564
3885 1694
3886 1746
3887 1822
3888 1895
3889 1992
3890 2003
3891 2006
3892 2038
3893 1419
3894 1412
3895 1280
3896 1377
3897 1505
3898 1599
3899 0978
3900 1652
3901 1764
3902 1871
3903 1336
3904 1336
3905 1348
3906 1644
3907 1534
3908 1242
3909 1331
3910 1414
3911 1494
3912 1567
3913 1632
3914 1743
3915 1126
3916 1855
3917 1988
3918 1968
3919 1293
3920 2170
3921 1250
3922 1295
3923 1414
3924 1526
3925 1595
3926 1684
3927 1729
3928 1166
3929 1202
3930 1290
3931 1366
3932 1432
3933 1516
3934 1304
3935 1388
3936 1471
3937 1549
3938 1576
3939 1672
3940 1787
3941 1838
3942 1911
3943 1994
3944 2056
3945 4616
3946 3612
3947 2516
3948 2401
3949 1451
3950 1661
3951 1598
3952 1689
3953 1741
3954 1824
3955 1959
3956 1932
3957 1982
3958 1319
3959 1421
3960 1279
3961 1335
3962 1415
3963 1500
3964 1054
3965 1693
3966 1755
3967 1346
3968 1238
3969 1460
3970 1398
3971 1477
3972 1589
3973 1306
3974 1375
3975 1441
3976 1487
3977 1623
3978 1714
3979 1711
3980 1900
3981 1950
3982 1228
3983 1381
3984 2099
3985 2159
3986 1284
3987 1292
3988 1425
3989 1452
3990 1578
3991 1689
3992 1673
3993 1749
3994 1077
3995 1312
3996 1363
3997 1536
3998 1504
3999 1549
4000 1298
4001 1370
4002 1439
4003 1475
4004 1638
4005 1720
4006 1778
4007 1813
4008 1917
4009 1983
4010 1234
4011 2172
4012 1309
4013 1292
4014 1428
4015 1472
4016 1481
4017 0894
4018 1004
4019 0956
4020 1046
4021 1192
4022 1169
4023 1280
4024 1262
4025 1370
4026 1453
4027 1220
4028 1299
4029 1415
4030 1431
4031 1556
4032 1643
4033 1748
4034 1754
4035 1870
4036 1968
4037 1999
4038 2084
4039 1284
4040 1262
4041 1366
4042 1428
4043 1519
4044 0904
4045 1144
4046 1771
4047 1112
4048 1107
4049 1246
4050 1335
4051 1480
4052 1488
4053 1250
4054 1340
4055 1364
4056 1495
4057 1534
4058 1667
4059 1703
4060 1839
4061 1902
4062 1949
4063 2002
4064 1315
4065 2131
4066 1213
4067 1334
4068 1354
4069 1465
4070 1527
4071 1067
4072 1012
4073 1091
4074 1212
4075 1156
4076 1308
4077 1405
4078 1544
4079 1231
4080 1275
4081 1387
4082 1419
4083 1537
4084 1593
4085 1735
4086 1705
4087 1834
4088 1889
4089 2004
4090 2068
4091 1390
4092 1203
4093 1311
4094 1419
4095 1426
4096 1535
4097 0972
4098 1690
4099 1766
4100 1127
4101 1278
4102 1258
4103 1294
4104 1426
4105 1592
4106 1290
4107 1368
4108 1435
4109 1510
4110 1583
4111 1671
4112 1763
4113 1821
4114 1849
4115 1939
4116 2024
4117 1365
4118 1243
4119 1253
4120 1359
4121 1430
4122 1473
4123 1546
4124 0969
4125 1198
4126 1216
4127 1945
4128 1227
4129 1377
4130 1279
4131 1427
4132 4231
4133 3271
4134 2311
4135 1446
4136 1538
4137 1556
4138 1141
4139 1304
4140 1290
4141 1394
4142 1414
4143 1312
4144 1548
4145 1531
4146 1242
4147 1718
4148 1323
4149 1367
4150 1433
4151 1494
4152 1587
4153 1640
4154 1724
4155 1798
4156 1068
4157 1865
4158 1941
4159 1999
4160 1294
4161 2131
4162 1338
4163 1344
4164 1375
4165 1389
4166 1433
4167 1514
4168 1622
4169 1000
4170 1732
4171 1144
4172 1217
4173 1281
4174 1352
4175 1383
4176 1476
4177 1229
4178 1309
4179 1345
4180 1200
4181 2027
4182 1434
4183 1446
4184 1233
4185 1285
4186 1387
4187 1452
4188 1532
4189 1663
4190 1723
4191 1693
4192 1700
4193 1796
4194 1940
4195 1924
4196 1258
4197 2104
4198 2229
4199 1277
4200 1322
4201 1388
4202 1457
4203 1514
4204 1596
4205 1059
4206 1711
4207 1803
4208 1897
4209 1964
4210 1422
4211 1379
4212 1483
4213 1217
4214 1350
4215 1379
4216 1505
4217 1697
4218 1579
4219 1681
4220 1721
4221 1845
4222 1943
4223 1307
4224 1343
4225 2127
4226 2203
4227 1241
4228 1372
4229 1402
4230 1438
4231 1522
4232 1073
4233 1104
4234 1746
4235 1826
4236 1167
4237 1273
4238 1311
4239 1379
4240 1490
4241 1266
4242 1288
4243 1358
4244 1466
4245 1481
4246 1637
4247 1605
4248 1750
4249 1770
4250 1174
4251 1974
4252 2009
4253 1290
4254 1364
4255 2101
4256 1272
4257 1289
4258 1394
4259 1488
4260 1601
4261 1617
4262 1654
4263 1116
4264 1247
4265 1225
4266 1362
4267 1339
4268 1412
4269 1420
4270 1320
4271 1363
4272 1411
4273 1512
4274 1620
4275 1637
4276 1763
4277 1795
4278 1203
4279 1898
4280 2013
4281 2043
4282 1471
4283 1268
4284 1332
4285 1368
4286 1473
4287 0970
4288 1020
4289 1678
4290 1055
4291 1833
4292 1303
4293 1332
4294 1370
4295 1519
4296 1263
4297 1334
4298 1416
4299 1455
4300 1518
4301 1644
4302 1700
4303 1739
4304 1820
4305 1932
4306 1991
4307 2063
4308 2103
4309 1203
4310 1364
4311 1426
4312 1509
4313 1477
4314 1602
4315 1644
4316 1078
4317 1814
4318 1210
4319 3935
4320 3266
4321 2002
4322 1577
4323 1326
4324 2159
4325 1227
4326 1352
4327 1459
4328 1510
4329 0995
4330 1086
4331 1718
4332 1756
4333 1814
4334 1233
4335 1309
4336 1418
4337 1481
4338 1520
4339 1309
4340 1357
4341 1456
4342 1490
4343 1561
4344 1681
4345 1703
4346 1112
4347 1876
4348 1956
4349 1974
4350 1454
4351 1287
4352 1266
4353 1330
4354 1410
4355 1441
4356 1612
4357 1624
4358 1065
4359 1194
4360 1082
4361 2021
4362 1303
4363 1367
4364 1355
4365 1476
4366 1537
4367 1620
4368 1598
4369 1318
4370 1438
4371 1497
4372 1590
4373 1642
4374 1744
4375 1784
4376 1877
4377 1910
4378 1307
4379 2092
4380 1201
4381 1278
4382 1282
4383 1402
4384 1564
4385 1490
4386 0974
4387 1089
4388 1046
4389 1205
4390 1118
4391 1182
4392 1329
4393 1365
4394 1666
4395 1262
4396 1281
4397 1404
4398 1409
4399 1486
4400 1572
4401 1693
4402 1759
4403 1851
4404 1090
4405 1953
4406 2089
4407 2116
4408 1426
4409 1292
4410 1348
4411 1429
4412 1514
4413 0977
4414 1096
4415 1741
4416 1125
4417 1326
4418 1259
4419 1244
4420 1382
4421 1223
4422 1279
4423 1296
4424 1432
4425 1458
4426 1552
4427 1610
4428 1667
4429 1764
4430 1800
4431 1106
4432 1124
4433 2057
4434 2105
4435 1317
4436 1210
4437 1289
4438 1356
4439 1465
4440 1564
4441 1064
4442 1084
4443 1018
4444 1181
4445 1155
4446 1133
4447 1212
4448 1415
4449 1537
4450 1519
4451 1239
4452 1318
4453 1376
4454 1487
4455 1470
4456 1548
4457 1633
4458 1677
4459 1777
4460 1907
4461 1951
4462 1268
4463 2103
4464 1314
4465 1208
4466 1349
4467 1396
4468 1487
4469 1549
4470 0955
4471 1065
4472 1166
4473 1275
4474 1246
4475 1312
4476 1450
4477 1676
4478 1508
4479 1296
4480 1386
4481 1471
4482 1559
4483 1583
4484 1663
4485 1795
4486 1873
4487 1194
4488 1961
4489 2016
4490 2110
4491 1200
4492 1288
4493 1354
4494 1403
4495 1452
4496 1636
4497 1024
4498 1061
4499 1044
4500 1077
4501 1194
4502 1303
4503 1346
4504 4969
4505 3592
4506 2256
4507 1378
4508 1419
4509 0957
4510 1116
4511 1744
4512 1773
4513 1255
4514 1236
4515 1434
4516 1596
4517 1337
4518 1432
4519 1266
4520 1242
4521 1324
4522 1493
4523 1439
4524 1534
4525 1630
4526 1650
4527 1899
4528 1778
4529 1835
4530 1182
4531 2069
4532 2039
4533 2138
4534 1257
4535 1358
4536 1425
4537 1493
4538 1635
4539 0962
4540 1779
4541 1061
4542 1226
4543 1130
4544 1246
4545 1447
4546 1421
4547 1256
4548 1376
4549 1404
4550 1456
4551 1515
4552 1598
4553 1712
4554 1799
4555 1867
4556 1904
4557 1200
4558 2075
4559 2168
4560 1290
4561 1362
4562 1383
4563 1474
4564 0923
4565 1004
4566 1033
4567 1171
4568 1158
4569 1186
4570 1286
4571 1378
4572 1394
4573 1257
4574 1285
4575 1394
4576 1481
4577 1533
4578 1627
4579 1868
4580 1813
4581 1847
4582 1204
4583 1099
4584 1357
4585 2196
4586 1256
4587 1372
4588 1429
4589 1453
4590 1559
4591 0946
4592 0918
4593 0897
4594 1727
4595 1002
4596 1020
4597 1130
4598 1208
4599 1225
4600 1346
4601 1391
4602 1252
4603 1245
4604 1310
4605 1377
4606 1507
4607 1928
4608 1634
4609 1676
4610 1042
4611 1894
4612 1937
4613 2105
4614 2050
4615 1420
4616 2149
4617 1235
4618 1340
4619 1452
4620 1528
4621 1539
4622 1662
4623 1051
4624 1808
4625 1130
4626 1195
4627 1292
4628 1363
4629 1454
4630 1305
4631 1465
4632 1407
4633 1513
4634 1555
4635 1657
4636 1697
4637 1834
4638 1875
4639 1924
4640 1984
4641 2084
4642 2147
4643 2166
4644 1277
4645 1342
4646 1408
4647 1484
4648 1548
4649 0943
4650 1008
4651 1021
4652 1084
4653 1156
4654 1191
4655 1282
4656 1396
4657 1385
4658 1229
4659 1286
4660 1365
4661 1470
4662 1586
4663 1655
4664 1732
4665 1790
4666 1886
4667 1924
4668 2018
4669 2106
4670 1239
4671 1319
4672 1569
4673 1463
4674 1506
4675 0917
4676 1655
4677 0964
4678 1781
4679 1094
4680 1190
4681 1283
4682 1373
4683 1338
4684 1245
4685 1247
4686 1370
4687 1447
4688 1523
4689 1597
4690 1868
4691 4676
4692 3179
4693 2331
4694 2008
4695 1553
4696 1598
4697 1678
4698 1279
4699 1328
4700 1427
4701 1501
4702 1579
4703 1679
4704 1787
4705 1139
4706 1909
4707 2018
4708 2021
4709 1330
4710 2203
4711 1233
4712 1244
4713 1388
4714 1424
4715 1477
4716 1630
4717 0968
4718 1135
4719 1159
4720 1060
4721 1219
4722 1221
4723 1307
4724 1441
4725 1227
4726 1318
4727 1389
4728 1387
4729 1434
4730 1554
4731 1655
4732 1727
4733 1797
4734 1850
4735 1989
4736 2058
4737 1369
4738 2164
4739 1293
4740 1343
4741 1448
4742 1470
4743 1608
4744 1637
4745 1036
4746 1092
4747 1047
4748 1144
4749 1226
4750 1301
4751 1366
4752 1526
4753 1299
4754 1391
4755 1621
4756 1536
4757 1608
4758 1686
4759 1746
4760 1875
4761 1120
4762 1987
4763 1229
4764 2218
4765 1275
4766 1324
4767 1408
4768 1508
4769 0978
4770 1049
4771 1140
4772 1060
4773 1163
4774 1274
4775 1297
4776 1389
4777 1212
4778 1279
4779 1386
4780 1442
4781 1572
4782 1653
4783 1752
4784 1772
4785 1906
4786 1958
4787 1268
4788 1258
4789 1219
4790 1257
4791 1338
4792 1426
4793 1460
4794 0918
4795 1063
4796 1721
4797 1096
4798 1198
4799 1279
4800 1276
4801 1401
4802 1438
4803 1214
4804 1316
4805 1372
4806 1477
4807 1564
4808 1605
4809 1727
4810 1797
4811 1124
4812 1904
4813 1994
4814 2082
4815 1218
4816 1289
4817 1287
4818 1433
4819 1478
4820 0922
4821 0927
4822 0930
4823 1006
4824 1111
4825 1174
4826 1231
4827 1390
4828 1410
4829 1240
4830 1324
4831 1372
4832 1466
4833 1513
4834 1603
4835 1700
4836 1797
4837 1887
4838 1154
4839 1393
4840 2080
4841 1365
4842 1282
4843 1267
4844 1333
4845 2589
4846 1816
4847 1898
4848 1919
4849 2023
4850 2123
4851 1356
4852 1246
4853 1336
4854 1377
4855 1538
4856 1554
4857 1640
4858 1685
4859 1109
4860 1425
4861 1264
4862 1268
4863 1300
4864 1398
4865 1470
4866 1231
4867 1268
4868 1330
4869 1450
4870 2462
4871 1280
4872 1325
4873 1451
4874 1505
4875 1807
4876 1613
4877 4734
4878 3237
4879 2164
4880 1343
4881 1488
4882 1556
4883 1200
4884 1515
4885 1257
4886 1315
4887 1409
4888 1537
4889 1578
4890 1802
4891 1730
4892 1776
4893 1878
4894 1939
4895 1997
4896 2122
4897 1211
4898 1277
4899 1353
4900 1441
4901 1515
4902 1590
4903 0937
4904 1112
4905 1126
4906 1332
4907 1290
4908 2085
4909 1459
4910 1495
4911 1349
4912 1331
4913 1403
4914 1440
4915 1570
4916 1659
4917 1677
4918 1785
4919 1912
4920 1937
4921 2003
4922 1284
4923 2144
4924 1256
4925 1319
4926 1426
4927 1519
4928 1594
4929 0990
4930 1032
4931 1095
4932 1173
4933 1144
4934 1407
4935 1296
4936 1401
4937 1441
4938 1550
4939 1266
4940 1334
4941 1323
4942 1550
4943 1490
4944 1549
4945 1669
4946 1711
4947 1783
4948 1842
4949 1866
4950 1915
4951 1261
4952 2011
4953 2137
4954 1361
4955 1486
4956 1285
4957 1386
4958 1410
4959 1496
4960 1538
4961 1660
4962 1767
4963 1812
4964 1289
4965 1192
4966 1333
4967 1388
4968 1465
4969 1391
4970 1253
4971 1416
4972 1471
4973 1502
4974 1588
4975 1618
4976 1740
4977 1795
4978 1831
4979 1901
4980 1252
4981 1338
4982 1382
4983 1272
4984 1376
4985 1471
4986 1515
4987 1650
4988 1642
4989 1781
4990 1891
4991 1255
4992 1312
4993 1393
4994 1304
4995 1515
4996 1271
4997 1368
4998 1463
4999 1563
5000 1577
Average  1522
Min  0827
Max  5454
END