1 1313
2 1385
3 1471
4 1516
5 1566
6 1711
7 1776
8 1904
9 1953
10 2008
11 2127
12 1228
13 1322
14 1384
15 1414
16 1463
17 1539
18 0984
19 1638
20 1638
21 0994
22 1014
23 0977
24 0979
25 0985
26 1023
27 1181
28 1148
29 1260
30 1274
31 1373
32 1424
33 1252
34 1267
35 1360
36 1485
37 1560
38 1593
39 1703
40 1755
41 1832
42 1839
43 2014
44 1999
45 2067
46 1384
47 2233
48 1281
49 1344
50 1479
51 0925
52 1015
53 1705
54 1002
55 1004
56 1149
57 1244
58 1257
59 1377
60 1242
61 1365
62 1373
63 1450
64 1594
65 1653
66 1694
67 1819
68 1898
69 1155
70 2034
71 2140
72 1215
73 1347
74 1398
75 3484
76 1560
77 1589
78 1112
79 1120
80 0998
81 1950
82 1132
83 2076
84 1309
85 1480
86 1324
87 1415
88 1419
89 0903
90 0940
91 1021
92 0952
93 1008
94 1089
95 1212
96 1449
97 1376
98 1284
99 1305
100 1386
101 1503
102 1557
103 1649
104 1740
105 0884
106 1927
107 1158
108 1196
109 1236
110 1237
111 1363
112 1443
113 1440
114 1019
115 1661
116 1763
117 1063
118 1022
119 1146
120 1311
121 1321
122 1389
123 1504
124 1302
125 1519
126 1453
127 1525
128 1545
129 1668
130 1793
131 1809
132 1170
133 1943
134 2015
135 2093
136 2133
137 1249
138 1311
139 1351
140 1426
141 1628
142 1096
143 0912
144 1020
145 1100
146 1197
147 1266
148 1349
149 1412
150 1304
151 1380
152 1506
153 1543
154 1638
155 1659
156 0955
157 1830
158 1889
159 1984
160 1236
161 2228
162 1217
163 1302
164 1332
165 0843
166 0927
167 0915
168 1003
169 1026
170 0995
171 1098
172 1128
173 1261
174 1399
175 1379
176 1428
177 1319
178 1361
179 1423
180 1547
181 1621
182 1693
183 0922
184 1821
185 1013
186 1165
187 1232
188 2166
189 1276
190 1306
191 1359
192 1466
193 0941
194 1073
195 1039
196 1789
197 0993
198 1084
199 1115
200 1235
201 1352
202 1417
203 1220
204 1984
205 2241
206 1437
207 1284
208 1384
209 1432
210 1517
211 1552
212 1671
213 1802
214 0933
215 1892
216 1161
217 2089
218 1338
219 1258
220 1269
221 1452
222 1515
223 0966
224 0965
225 1696
226 0975
227 0994
228 1192
229 1393
230 1361
231 1442
232 1304
233 1319
234 1389
235 1456
236 1553
237 1634
238 1703
239 1826
240 1032
241 1174
242 1173
243 2000
244 1218
245 2155
246 1243
247 1299
248 1477
249 1532
250 1613
251 1072
252 1131
253 0903
254 1181
255 1169
256 1215
257 1327
258 1444
259 1238
260 1324
261 3807
262 1886
263 1531
264 1659
265 1201
266 1031
267 1264
268 1215
269 1271
270 1297
271 1433
272 1212
273 1307
274 1412
275 1491
276 1599
277 1623
278 1695
279 1729
280 2020
281 1978
282 1979
283 2095
284 1229
285 1291
286 1370
287 1469
288 1572
289 1640
290 1712
291 1001
292 1792
293 1160
294 1224
295 1543
296 1465
297 1247
298 1317
299 1416
300 1455
301 1523
302 1655
303 1691
304 0914
305 1833
306 1028
307 1943
308 1224
309 2152
310 1266
311 1254
312 1306
313 1341
314 1386
315 1460
316 1509
317 1021
318 1705
319 0926
320 0997
321 1314
322 1317
323 1421
324 1425
325 1196
326 1299
327 1323
328 1442
329 1464
330 1597
331 1645
332 1935
333 1905
334 1922
335 1180
336 1412
337 2192
338 1298
339 1318
340 1392
341 1426
342 1532
343 0931
344 1701
345 0967
346 1018
347 1076
348 1205
349 1278
350 1359
351 1256
352 1306
353 1358
354 1493
355 1524
356 1609
357 1717
358 1802
359 1856
360 1980
361 1989
362 2086
363 2176
364 1284
365 1342
366 1430
367 1446
368 1500
369 1612
370 1675
371 0944
372 0990
373 1128
374 1242
375 1333
376 1357
377 1187
378 1283
379 1372
380 1533
381 1504
382 1658
383 1703
384 1749
385 1796
386 2021
387 1188
388 2068
389 1217
390 2154
391 1269
392 1331
393 1403
394 1484
395 1467
396 1589
397 0962
398 0923
399 0926
400 1094
401 1175
402 1245
403 1248
404 1325
405 1233
406 1263
407 1317
408 1449
409 1527
410 1609
411 1697
412 1788
413 1826
414 1958
415 1983
416 5514
417 3599
418 1681
419 1325
420 1010
421 1137
422 1133
423 1635
424 1654
425 0974
426 1883
427 1901
428 1188
429 1256
430 2142
431 1175
432 1284
433 1373
434 1467
435 1528
436 0911
437 0977
438 0861
439 1041
440 1078
441 1116
442 1174
443 1266
444 1362
445 1212
446 1231
447 1345
448 1407
449 1408
450 1543
451 1691
452 1716
453 1747
454 1776
455 1045
456 1127
457 1155
458 2102
459 1345
460 1224
461 1314
462 1366
463 1396
464 1515
465 0976
466 0917
467 0909
468 0967
469 0978
470 1055
471 1047
472 1305
473 1266
474 1408
475 1478
476 1208
477 1295
478 1356
479 1496
480 1566
481 1672
482 0856
483 1015
484 0989
485 1191
486 1227
487 1225
488 1328
489 1302
490 1394
491 1502
492 1523
493 1616
494 1098
495 0913
496 0949
497 1135
498 1263
499 1416
500 1394
501 1581
502 1276
503 1402
504 1449
505 1586
506 1662
507 1711
508 0914
509 1889
510 1129
511 1153
512 1210
513 1307
514 1230
515 1334
516 1377
517 1481
518 1516
519 0905
520 1017
521 0912
522 1072
523 1100
524 1280
525 1337
526 1365
527 1492
528 1230
529 1264
530 1323
531 1418
532 1544
533 1602
534 1684
535 0851
536 0960
537 1156
538 1203
539 1317
540 1174
541 2123
542 1382
543 1311
544 1336
545 1416
546 1528
547 1054
548 1011
549 1013
550 1167
551 1239
552 1279
553 1365
554 1416
555 1527
556 1248
557 1340
558 1425
559 1498
560 1593
561 1600
562 1743
563 1067
564 1021
565 1170
566 1289
567 1336
568 1208
569 1327
570 1296
571 1383
572 1439
573 1568
574 1559
575 1703
576 0859
577 1161
578 1911
579 1275
580 1383
581 1290
582 1260
583 1329
584 1374
585 1449
586 1544
587 0811
588 0965
589 1007
590 1026
591 1125
592 1263
593 1340
594 1468
595 1493
596 1285
597 1280
598 1344
599 1447
600 1598
601 1592
602 1768
603 4194
604 2263
605 1263
606 1120
607 1543
608 1663
609 1688
610 1331
611 1406
612 1453
613 1514
614 1557
615 1676
616 1728
617 0959
618 1115
619 1078
620 2006
621 1247
622 1361
623 1255
624 1236
625 1423
626 1466
627 1548
628 1594
629 0973
630 1037
631 1006
632 1010
633 1082
634 1188
635 1296
636 1207
637 1302
638 1526
639 1235
640 1285
641 1334
642 1413
643 1479
644 1647
645 1659
646 1741
647 0921
648 1839
649 1050
650 1993
651 1236
652 2183
653 1273
654 1294
655 1406
656 1487
657 1482
658 1001
659 1032
660 0998
661 1049
662 1211
663 1313
664 1354
665 1256
666 1258
667 1336
668 1455
669 1501
670 1608
671 1669
672 1717
673 1845
674 1917
675 1972
676 2063
677 2147
678 2356
679 1339
680 1396
681 1464
682 1489
683 0922
684 1727
685 0895
686 0931
687 1091
688 1256
689 1426
690 1171
691 1252
692 1367
693 1274
694 1240
695 1533
696 1419
697 1546
698 1609
699 1596
700 1662
701 1703
702 0946
703 1945
704 1087
705 1996
706 1078
707 2170
708 1314
709 2206
710 1350
711 1347
712 1423
713 1559
714 1623
715 1685
716 1037
717 1101
718 0995
719 1048
720 1162
721 1223
722 1289
723 1302
724 1478
725 1395
726 1681
727 1210
728 1268
729 1318
730 1467
731 1452
732 1536
733 1600
734 1683
735 1727
736 1803
737 0993
738 1955
739 1189
740 2072
741 1236
742 1269
743 1360
744 1411
745 1498
746 1599
747 0942
748 0908
749 1081
750 1072
751 1032
752 1113
753 1186
754 1208
755 1315
756 1446
757 4644
758 2723
759 1234
760 1460
761 1513
762 1068
763 1583
764 1724
765 1259
766 1030
767 1293
768 1223
769 1486
770 1642
771 1245
772 1345
773 1442
774 1537
775 1647
776 1632
777 0835
778 0947
779 1070
780 1181
781 1338
782 1272
783 1222
784 1385
785 1371
786 1452
787 1507
788 0997
789 1073
790 0961
791 1058
792 1136
793 1262
794 1330
795 1401
796 1426
797 1267
798 1329
799 1591
800 1514
801 1577
802 1693
803 1721
804 1820
805 1091
806 2000
807 2031
808 1260
809 1351
810 1402
811 1303
812 1362
813 1444
814 1514
815 0895
816 0881
817 0894
818 0973
819 1205
820 1207
821 1325
822 1308
823 1233
824 1235
825 1327
826 1467
827 1548
828 1615
829 1662
830 1684
831 0922
832 1884
833 1020
834 1309
835 1285
836 1233
837 1332
838 1352
839 1408
840 1439
841 1464
842 1585
843 0947
844 0952
845 1054
846 1200
847 1190
848 1277
849 1476
850 1234
851 1334
852 1384
853 1459
854 1558
855 1600
856 1693
857 1755
858 1862
859 1866
860 1160
861 2031
862 2112
863 2189
864 1269
865 1339
866 1419
867 1469
868 0815
869 0953
870 0984
871 0963
872 1072
873 1186
874 1336
875 1359
876 1465
877 1222
878 1344
879 1373
880 1447
881 1556
882 1575
883 1731
884 1704
885 1844
886 1877
887 1988
888 2068
889 2167
890 1218
891 1360
892 1421
893 1484
894 1553
895 0899
896 1025
897 0962
898 1028
899 1169
900 1276
901 1278
902 1424
903 1424
904 1289
905 1401
906 1498
907 1558
908 1629
909 1720
910 0929
911 1829
912 1014
913 1196
914 1282
915 1226
916 1259
917 1375
918 1474
919 1503
920 0901
921 0991
922 1827
923 0999
924 1126
925 1252
926 1299
927 1341
928 1230
929 1264
930 1298
931 1421
932 1482
933 1565
934 1683
935 1719
936 1129
937 0986
938 1961
939 1170
940 1395
941 1306
942 1295
943 1364
944 4855
945 2935
946 1483
947 1007
948 1275
949 1196
950 1076
951 2001
952 2079
953 1391
954 1233
955 1476
956 1437
957 1460
958 1563
959 0963
960 1718
961 0925
962 1049
963 1111
964 1372
965 1301
966 1320
967 1221
968 1281
969 1390
970 1411
971 1515
972 1622
973 1736
974 1803
975 1855
976 1941
977 2005
978 2153
979 1297
980 1304
981 1407
982 1430
983 1519
984 0909
985 1665
986 0953
987 0926
988 1039
989 1151
990 1238
991 1350
992 1434
993 1268
994 1335
995 1379
996 1500
997 1582
998 1668
999 1730
1000 1780
1001 1941
1002 1991
1003 2101
1004 2096
1005 2181
1006 1287
1007 1429
1008 1449
1009 1524
1010 1638
1011 1029
1012 0967
1013 1061
1014 1124
1015 1245
1016 1312
1017 1380
1018 1266
1019 1329
1020 1375
1021 1460
1022 1544
1023 1629
1024 1691
1025 1756
1026 1904
1027 1177
1028 2040
1029 2152
1030 1204
1031 1252
1032 1337
1033 1413
1034 1408
1035 1526
1036 0886
1037 0969
1038 0960
1039 0959
1040 1091
1041 1208
1042 1312
1043 1355
1044 1212
1045 1260
1046 1370
1047 1445
1048 1509
1049 1593
1050 1635
1051 1694
1052 1808
1053 1882
1054 1887
1055 2008
1056 2119
1057 2190
1058 1268
1059 1552
1060 1431
1061 1498
1062 0898
1063 0995
1064 0916
1065 1000
1066 1080
1067 1182
1068 1297
1069 1303
1070 1339
1071 1449
1072 1266
1073 1364
1074 1434
1075 1527
1076 1579
1077 1710
1078 1760
1079 1798
1080 1859
1081 1974
1082 2013
1083 2069
1084 2181
1085 1295
1086 1378
1087 1386
1088 1422
1089 1479
1090 1606
1091 1004
1092 1733
1093 0952
1094 1077
1095 1236
1096 1295
1097 1338
1098 1417
1099 1316
1100 1402
1101 1490
1102 1535
1103 1595
1104 0881
1105 1774
1106 0950
1107 1976
1108 1216
1109 2112
1110 1253
1111 1491
1112 1397
1113 1458
1114 1611
1115 1614
1116 0917
1117 0947
1118 0990
1119 1236
1120 1241
1121 1282
1122 1394
1123 1211
1124 1297
1125 1415
1126 1485
1127 1531
1128 1662
1129 1771
1130 1809
1131 1038
1132 3001
1133 1534
1134 1599
1135 1214
1136 1292
1137 1351
1138 1410
1139 1568
1140 1609
1141 1702
1142 1013
1143 1856
1144 1921
1145 1979
1146 1325
1147 1222
1148 1266
1149 1307
1150 1403
1151 1501
1152 0966
1153 0966
1154 0887
1155 0969
1156 1244
1157 1242
1158 1316
1159 1313
1160 1399
1161 1272
1162 1328
1163 1594
1164 1486
1165 1560
1166 1667
1167 1724
1168 0940
1169 0954
1170 1040
1171 1197
1172 1202
1173 1269
1174 1286
1175 1345
1176 1382
1177 1526
1178 1570
1179 1071
1180 0915
1181 0962
1182 1055
1183 1206
1184 1221
1185 1376
1186 1492
1187 1283
1188 1337
1189 1421
1190 1548
1191 1622
1192 1670
1193 1816
1194 1140
1195 1219
1196 1974
1197 2061
1198 1331
1199 1157
1200 1103
1201 2055
1202 1277
1203 1222
1204 1354
1205 1357
1206 1485
1207 1575
1208 1710
1209 1060
1210 1005
1211 1030
1212 1191
1213 1156
1214 1307
1215 1321
1216 1462
1217 1241
1218 1313
1219 1444
1220 1447
1221 1569
1222 1662
1223 1729
1224 0882
1225 1929
1226 1139
1227 2084
1228 1181
1229 2159
1230 1288
1231 1319
1232 1363
1233 1506
1234 1596
1235 1661
1236 1041
1237 0965
1238 0993
1239 1201
1240 1168
1241 1287
1242 1466
1243 1206
1244 1353
1245 1428
1246 1375
1247 1464
1248 1548
1249 1647
1250 1755
1251 1829
1252 1204
1253 1970
1254 2114
1255 2023
1256 2102
1257 1339
1258 1326
1259 1308
1260 1428
1261 1534
1262 0858
1263 1061
1264 1748
1265 0932
1266 1094
1267 1367
1268 1289
1269 1486
1270 1274
1271 1268
1272 1320
1273 1387
1274 1459
1275 1615
1276 1620
1277 1700
1278 0880
1279 1922
1280 1101
1281 2017
1282 1137
1283 2033
1284 1298
1285 1322
1286 1338
1287 4849
1288 2933
1289 1453
1290 1539
1291 1603
1292 1747
1293 1834
1294 1186
1295 1157
1296 2069
1297 2164
1298 1456
1299 1307
1300 1367
1301 1413
1302 1440
1303 1557
1304 0984
1305 0915
1306 0934
1307 1126
1308 1113
1309 1191
1310 1236
1311 1313
1312 1448
1313 1240
1314 1285
1315 1483
1316 1505
1317 1589
1318 1696
1319 1705
1320 1785
1321 1141
1322 1106
1323 1965
1324 2113
1325 2135
1326 1375
1327 2214
1328 1307
1329 1327
1330 1378
1331 1476
1332 1621
1333 1701
1334 1632
1335 1058
1336 1000
1337 1087
1338 1156
1339 1259
1340 1345
1341 1450
1342 1320
1343 1382
1344 1423
1345 1557
1346 1564
1347 1667
1348 1734
1349 1858
1350 1946
1351 2022
1352 2011
1353 2144
1354 1232
1355 1339
1356 1416
1357 1525
1358 1546
1359 1656
1360 1017
1361 1051
1362 0911
1363 0917
1364 1085
1365 1109
1366 1199
1367 1357
1368 1427
1369 1274
1370 1280
1371 1367
1372 1427
1373 1522
1374 1666
1375 1760
1376 0949
1377 1858
1378 0992
1379 1973
1380 1184
1381 2078
1382 1261
1383 1272
1384 1381
1385 1452
1386 1541
1387 1571
1388 0953
1389 1734
1390 0964
1391 1050
1392 1182
1393 1237
1394 1348
1395 1452
1396 1229
1397 1293
1398 1401
1399 1527
1400 1600
1401 1697
1402 1771
1403 1803
1404 1178
1405 1157
1406 2003
1407 2031
1408 2134
1409 1254
1410 1350
1411 1469
1412 1565
1413 1611
1414 0897
1415 0865
1416 1101
1417 1116
1418 1144
1419 1279
1420 1311
1421 1359
1422 1469
1423 1290
1424 1302
1425 1439
1426 1466
1427 1535
1428 1619
1429 1756
1430 1818
1431 1920
1432 1973
1433 2030
1434 2137
1435 1222
1436 1286
1437 1353
1438 1402
1439 1523
1440 1553
1441 0946
1442 1699
1443 0915
1444 1003
1445 1172
1446 1220
1447 1350
1448 1363
1449 1371
1450 1433
1451 1266
1452 1375
1453 1468
1454 1552
1455 1610
1456 1729
1457 1782
1458 1866
1459 1953
1460 1985
1461 2113
1462 2170
1463 1271
1464 1358
1465 1432
1466 1513
1467 0875
1468 1634
1469 0901
1470 1008
1471 1089
1472 1230
1473 1294
1474 1741
1475 2773
1476 1379
1477 1376
1478 1368
1479 1285
1480 1523
1481 1057
1482 1048
1483 1726
1484 1001
1485 0963
1486 0972
1487 1094
1488 1166
1489 1339
1490 1301
1491 1389
1492 1231
1493 1322
1494 1399
1495 1435
1496 1505
1497 1603
1498 1688
1499 1740
1500 1454
1501 1492
1502 1555
1503 1658
1504 1721
1505 1818
1506 1084
1507 1123
1508 1997
1509 2093
1510 1365
1511 1241
1512 1325
1513 1360
1514 1442
1515 1567
1516 1025
1517 0969
1518 1732
1519 0977
1520 1061
1521 1162
1522 1239
1523 1296
1524 1404
1525 1230
1526 1362
1527 1366
1528 1461
1529 1556
1530 1619
1531 0968
1532 1765
1533 0981
1534 1136
1535 1187
1536 2042
1537 1353
1538 1418
1539 1259
1540 1350
1541 1412
1542 1514
1543 0873
1544 0949
1545 0979
1546 0993
1547 1039
1548 1157
1549 1395
1550 1472
1551 1204
1552 1243
1553 1393
1554 1435
1555 1525
1556 1582
1557 1680
1558 0894
1559 0926
1560 1020
1561 1144
1562 1253
1563 1205
1564 1246
1565 1328
1566 1374
1567 1440
1568 1492
1569 1598
1570 1001
1571 0968
1572 1075
1573 1132
1574 1218
1575 1345
1576 1410
1577 1205
1578 1316
1579 1361
1580 1432
1581 1559
1582 1600
1583 1754
1584 1785
1585 1916
1586 1920
1587 1222
1588 2047
1589 2145
1590 2197
1591 1207
1592 1307
1593 1354
1594 1471
1595 1540
1596 1638
1597 1691
1598 1020
1599 1051
1600 1231
1601 1292
1602 1269
1603 1308
1604 1227
1605 1338
1606 1404
1607 1442
1608 1496
1609 1617
1610 1681
1611 0820
1612 1100
1613 1089
1614 1975
1615 1213
1616 2105
1617 1209
1618 1341
1619 1365
1620 1534
1621 1562
1622 0977
1623 1126
1624 1767
1625 1103
1626 1128
1627 1219
1628 1329
1629 1402
1630 3721
1631 1802
1632 1462
1633 1473
1634 1508
1635 0978
1636 1671
1637 0956
1638 0957
1639 1056
1640 1231
1641 1318
1642 1378
1643 1457
1644 1224
1645 1315
1646 1349
1647 1500
1648 1552
1649 1647
1650 1051
1651 1799
1652 1072
1653 1853
1654 1090
1655 2050
1656 1326
1657 1229
1658 1271
1659 1346
1660 1480
1661 1520
1662 1587
1663 1690
1664 0968
1665 1088
1666 1243
1667 1298
1668 1365
1669 1463
1670 1209
1671 1344
1672 1051
1673 1288
1674 1264
1675 1409
1676 1425
1677 1266
1678 1383
1679 1426
1680 1476
1681 1533
1682 1633
1683 1920
1684 0823
1685 1820
1686 1126
1687 1966
1688 2085
1689 2085
1690 2182
1691 1258
1692 1379
1693 1393
1694 1459
1695 1620
1696 1009
1697 1002
1698 1052
1699 1126
1700 1244
1701 1302
1702 1332
1703 1379
1704 1260
1705 1311
1706 1435
1707 1474
1708 1570
1709 1642
1710 1749
1711 1824
1712 1932
1713 1911
1714 2034
1715 2105
1716 2180
1717 1286
1718 1298
1719 1445
1720 1546
1721 1589
1722 1646
1723 1033
1724 1027
1725 1153
1726 1287
1727 1316
1728 1311
1729 1417
1730 1287
1731 1372
1732 1454
1733 1478
1734 1613
1735 1960
1736 1796
1737 1828
1738 1237
1739 1328
1740 2113
1741 2071
1742 2160
1743 1240
1744 1401
1745 1486
1746 1491
1747 1665
1748 1687
1749 1100
1750 1071
1751 1152
1752 1441
1753 1365
1754 1469
1755 1362
1756 1298
1757 1406
1758 1432
1759 1525
1760 1615
1761 1674
1762 1783
1763 1800
1764 1846
1765 1917
1766 2059
1767 2092
1768 1237
1769 1276
1770 1379
1771 1484
1772 1550
1773 1037
1774 1652
1775 0900
1776 1068
1777 1160
1778 1337
1779 1430
1780 1561
1781 1247
1782 1331
1783 1368
1784 1479
1785 1569
1786 1637
1787 1711
1788 1815
1789 1906
1790 2034
1791 2066
1792 2208
1793 1249
1794 1336
1795 1403
1796 1476
1797 1800
1798 1672
1799 0864
1800 1136
1801 1144
1802 1245
1803 1317
1804 1430
1805 1433
1806 1518
1807 1280
1808 1376
1809 1459
1810 1516
1811 1563
1812 1693
1813 1765
1814 1824
1815 1979
1816 2622
1817 3138
1818 1659
1819 1670
1820 1268
1821 1319
1822 1444
1823 1458
1824 1577
1825 1628
1826 0925
1827 1047
1828 1074
1829 1167
1830 1160
1831 1286
1832 1307
1833 1214
1834 1325
1835 1401
1836 1505
1837 1532
1838 0896
1839 0959
1840 1135
1841 0913
1842 1298
1843 1224
1844 1359
1845 1513
1846 1483
1847 1206
1848 1297
1849 1428
1850 1519
1851 1552
1852 1649
1853 1677
1854 0900
1855 1203
1856 1334
1857 1239
1858 1323
1859 1403
1860 1479
1861 1636
1862 1591
1863 1642
1864 1765
1865 0904
1866 1864
1867 1142
1868 2094
1869 1196
1870 1258
1871 1334
1872 1375
1873 1435
1874 0891
1875 0887
1876 1051
1877 1003
1878 1103
1879 1179
1880 1277
1881 1325
1882 1405
1883 1411
1884 1299
1885 1385
1886 1399
1887 1471
1888 1517
1889 1622
1890 1757
1891 1001
1892 1023
1893 1142
1894 1212
1895 2093
1896 1209
1897 1256
1898 1347
1899 1483
1900 1552
1901 0928
1902 1038
1903 0950
1904 1156
1905 1226
1906 1349
1907 1400
1908 1379
1909 1248
1910 1359
1911 1492
1912 1531
1913 1592
1914 1699
1915 1067
1916 1753
1917 1818
1918 1197
1919 1345
1920 2038
1921 1195
1922 1245
1923 1397
1924 1503
1925 1445
1926 1505
1927 1569
1928 1616
1929 1094
1930 0983
1931 1190
1932 1378
1933 1365
1934 1336
1935 1347
1936 1215
1937 1296
1938 1386
1939 1452
1940 1546
1941 1616
1942 1715
1943 1956
1944 1736
1945 1135
1946 1180
1947 2044
1948 1252
1949 1321
1950 1277
1951 1298
1952 1387
1953 1458
1954 1538
1955 1571
1956 0983
1957 0947
1958 1022
1959 1197
1960 1308
1961 1350
1962 1311
1963 1378
1964 1241
1965 1327
1966 1416
1967 1446
1968 1560
1969 1615
1970 1678
1971 0927
1972 4260
1973 2342
1974 1351
1975 1338
1976 1609
1977 1612
1978 1283
1979 1322
1980 1390
1981 1485
1982 1610
1983 1680
1984 1775
1985 0941
1986 1857
1987 1098
1988 2006
1989 1154
1990 1237
1991 1262
1992 1317
1993 1411
1994 1444
1995 1689
1996 0836
1997 0997
1998 0980
1999 0939
2000 1022
2001 1180
2002 1309
2003 1431
2004 1422
2005 1295
2006 1395
2007 1376
2008 1449
2009 1601
2010 1631
2011 1734
2012 0966
2013 1825
2014 1003
2015 1987
2016 1355
2017 2140
2018 1252
2019 1312
2020 1446
2021 1493
2022 0843
2023 1621
2024 0950
2025 0932
2026 1031
2027 1234
2028 1331
2029 1358
2030 1528
2031 1244
2032 1354
2033 1396
2034 1505
2035 1546
2036 1682
2037 1753
2038 1775
2039 1080
2040 1904
2041 2013
2042 2121
2043 1229
2044 1277
2045 1403
2046 1489
2047 1744
2048 1618
2049 0986
2050 1003
2051 0917
2052 0999
2053 1190
2054 1301
2055 1369
2056 1440
2057 1253
2058 1386
2059 1403
2060 1452
2061 1545
2062 1647
2063 1765
2064 1833
2065 1933
2066 1970
2067 2054
2068 2232
2069 1308
2070 1268
2071 1357
2072 1516
2073 1531
2074 1042
2075 1659
2076 0894
2077 0960
2078 1089
2079 1253
2080 1291
2081 1341
2082 1287
2083 1282
2084 1381
2085 1453
2086 1516
2087 1615
2088 1664
2089 1757
2090 1810
2091 1946
2092 2017
2093 2011
2094 2063
2095 2202
2096 1316
2097 1343
2098 1389
2099 1631
2100 1522
2101 0963
2102 1024
2103 1044
2104 1017
2105 1062
2106 1143
2107 1213
2108 1319
2109 1208
2110 1295
2111 1282
2112 1419
2113 1475
2114 1599
2115 1664
2116 1725
2117 1797
2118 1901
2119 1973
2120 2006
2121 2127
2122 2159
2123 1297
2124 1347
2125 1472
2126 1528
2127 0931
2128 1090
2129 0982
2130 1023
2131 1079
2132 1252
2133 1357
2134 1444
2135 1242
2136 1327
2137 1421
2138 1502
2139 1556
2140 1638
2141 1759
2142 1778
2143 1887
2144 1963
2145 2001
2146 2151
2147 1264
2148 1264
2149 1366
2150 1458
2151 1734
2152 1044
2153 1040
2154 1167
2155 1098
2156 1168
2157 1264
2158 1338
2159 1797
2160 2320
2161 1347
2162 1446
2163 1504
2164 1566
2165 1710
2166 1222
2167 1055
2168 1390
2169 1233
2170 1517
2171 1403
2172 1233
2173 1318
2174 1411
2175 1476
2176 1549
2177 1611
2178 0957
2179 1797
2180 1115
2181 1231
2182 2045
2183 1247
2184 2133
2185 1273
2186 1315
2187 1412
2188 1540
2189 0999
2190 1750
2191 0986
2192 1052
2193 1243
2194 1274
2195 1241
2196 1321
2197 1517
2198 1279
2199 1304
2200 1415
2201 1490
2202 1623
2203 1822
2204 1724
2205 1801
2206 1016
2207 1938
2208 1104
2209 2071
2210 1303
2211 1264
2212 1315
2213 1422
2214 1472
2215 1643
2216 1128
2217 1014
2218 1064
2219 1172
2220 1238
2221 1453
2222 1385
2223 1241
2224 1283
2225 1384
2226 1405
2227 1510
2228 1601
2229 1684
2230 1748
2231 1001
2232 1946
2233 1154
2234 1237
2235 2137
2236 2171
2237 1305
2238 1396
2239 1456
2240 1497
2241 0950
2242 1645
2243 1056
2244 1066
2245 1115
2246 1371
2247 1322
2248 1355
2249 1234
2250 1427
2251 1295
2252 1360
2253 1451
2254 1558
2255 2102
2256 1538
2257 1566
2258 1712
2259 1812
2260 1732
2261 1157
2262 1216
2263 1968
2264 1172
2265 2132
2266 1231
2267 1333
2268 1366
2269 1480
2270 0965
2271 1090
2272 1025
2273 1002
2274 0997
2275 1216
2276 1258
2277 1357
2278 1431
2279 1462
2280 1508
2281 1265
2282 1364
2283 1382
2284 1513
2285 1571
2286 1636
2287 1666
2288 1790
2289 1831
2290 1641
2291 1666
2292 0956
2293 0990
2294 1056
2295 1151
2296 1169
2297 1249
2298 1309
2299 1336
2300 1445
2301 1478
2302 1608
2303 1161
2304 1054
2305 1104
2306 1222
2307 1497
2308 1524
2309 1388
2310 1207
2311 1274
2312 1341
2313 1409
2314 1462
2315 1542
2316 1559
2317 1657
2318 0917
2319 1002
2320 1061
2321 1203
2322 1202
2323 1236
2324 1205
2325 1278
2326 1362
2327 1452
2328 1483
2329 1557
2330 1003
2331 1199
2332 0957
2333 1073
2334 1214
2335 1387
2336 1447
2337 1534
2338 1329
2339 1355
2340 1462
2341 1539
2342 1681
2343 1670
2344 0838
2345 1878
2346 4479
2347 2563
2348 1577
2349 1692
2350 1305
2351 1337
2352 1429
2353 1505
2354 1572
2355 1669
2356 1808
2357 1831
2358 1081
2359 1505
2360 1160
2361 2377
2362 1397
2363 1489
2364 1360
2365 1386
2366 1447
2367 1514
2368 0933
2369 1007
2370 0965
2371 1022
2372 1149
2373 1316
2374 1422
2375 1434
2376 1496
2377 1224
2378 1312
2379 1381
2380 1410
2381 1496
2382 1579
2383 1705
2384 0919
2385 1793
2386 1103
2387 1326
2388 1186
2389 2147
2390 1240
2391 1329
2392 1383
2393 1474
2394 1581
2395 1642
2396 1743
2397 0979
2398 0993
2399 1230
2400 1325
2401 1407
2402 1432
2403 1252
2404 1256
2405 1376
2406 1423
2407 1571
2408 1637
2409 1674
2410 0903
2411 1850
2412 1090
2413 1971
2414 1213
2415 2142
2416 1285
2417 1326
2418 1354
2419 1413
2420 1485
2421 0970
2422 1607
2423 0991
2424 0963
2425 1209
2426 1321
2427 1333
2428 1453
2429 1427
2430 1223
2431 1230
2432 1337
2433 1400
2434 1543
2435 1626
2436 1672
2437 1705
2438 1788
2439 1882
2440 1995
2441 2005
2442 2095
2443 1530
2444 1231
2445 1294
2446 1298
2447 1430
2448 1465
2449 1589
2450 1027
2451 1157
2452 1062
2453 1045
2454 1246
2455 1320
2456 1403
2457 1215
2458 1245
2459 1324
2460 1437
2461 1573
2462 1623
2463 0932
2464 1802
2465 1140
2466 1991
2467 1177
2468 2124
2469 1246
2470 1274
2471 1329
2472 1424
2473 1410
2474 1494
2475 1598
2476 1643
2477 0994
2478 1163
2479 1646
2480 1093
2481 0999
2482 1053
2483 1193
2484 1263
2485 1294
2486 1400
2487 1394
2488 1255
2489 1308
2490 1354
2491 1424
2492 1496
2493 1641
2494 1709
2495 1824
2496 1866
2497 1941
2498 1271
2499 2063
2500 2120
2501 2853
2502 3382
2503 1466
2504 1476
2505 1476
2506 1146
2507 1151
2508 0978
2509 0887
2510 1145
2511 1209
2512 1216
2513 1211
2514 1387
2515 1275
2516 1322
2517 1396
2518 1490
2519 1552
2520 1101
2521 1209
2522 0913
2523 1070
2524 1319
2525 1335
2526 1389
2527 1455
2528 1245
2529 1302
2530 1636
2531 1449
2532 1505
2533 1519
2534 1573
2535 1649
2536 0878
2537 1011
2538 1103
2539 1184
2540 1179
2541 1284
2542 1229
2543 1261
2544 1322
2545 1412
2546 1426
2547 1501
2548 1549
2549 0985
2550 1726
2551 0990
2552 1033
2553 1154
2554 1248
2555 1326
2556 1358
2557 1382
2558 1234
2559 1297
2560 1319
2561 1340
2562 1388
2563 1436
2564 1444
2565 1564
2566 1774
2567 1658
2568 1702
2569 0889
2570 1849
2571 0984
2572 1204
2573 1215
2574 1322
2575 1276
2576 1348
2577 1459
2578 0958
2579 0947
2580 1709
2581 1006
2582 1143
2583 0958
2584 1124
2585 1169
2586 1296
2587 1367
2588 1388
2589 1274
2590 1354
2591 1419
2592 1507
2593 1501
2594 1531
2595 1509
2596 1674
2597 1676
2598 1786
2599 1030
2600 1958
2601 1197
2602 2087
2603 1231
2604 1202
2605 1281
2606 1339
2607 1407
2608 1564
2609 1552
2610 1607
2611 1064
2612 1103
2613 0964
2614 1012
2615 1168
2616 1267
2617 1258
2618 1429
2619 1370
2620 1262
2621 1379
2622 1397
2623 1438
2624 1528
2625 1620
2626 0900
2627 1822
2628 0989
2629 1944
2630 1114
2631 2064
2632 1309
2633 1264
2634 1348
2635 1365
2636 1490
2637 1542
2638 1637
2639 0990
2640 0920
2641 0984
2642 1149
2643 1291
2644 1309
2645 1465
2646 1426
2647 1299
2648 1266
2649 1375
2650 1459
2651 1561
2652 1607
2653 1684
2654 1791
2655 1034
2656 1892
2657 1940
2658 1988
2659 2051
2660 2152
2661 1289
2662 1318
2663 1442
2664 1525
2665 0837
2666 0971
2667 0956
2668 1060
2669 1195
2670 1312
2671 1374
2672 1410
2673 1422
2674 1239
2675 1335
2676 1369
2677 1492
2678 1597
2679 1696
2680 1712
2681 0866
2682 1810
2683 1078
2684 1938
2685 1212
2686 2171
2687 4678
2688 2758
2689 1271
2690 1367
2691 1441
2692 1600
2693 1647
2694 0930
2695 0980
2696 1851
2697 0977
2698 1183
2699 1210
2700 2071
2701 1282
2702 1274
2703 1338
2704 1413
2705 1515
2706 0912
2707 1038
2708 0945
2709 1018
2710 0938
2711 1069
2712 1259
2713 1231
2714 1294
2715 1399
2716 1357
2717 1376
2718 1407
2719 1434
2720 1580
2721 1651
2722 1660
2723 1795
2724 1850
2725 1972
2726 1945
2727 1941
2728 2061
2729 2149
2730 1250
2731 1240
2732 1327
2733 1366
2734 1385
2735 1459
2736 1411
2737 1537
2738 1010
2739 1058
2740 0949
2741 0984
2742 1210
2743 1212
2744 1253
2745 1445
2746 1525
2747 1250
2748 1359
2749 1464
2750 1516
2751 1569
2752 1669
2753 1665
2754 1761
2755 1847
2756 1933
2757 1969
2758 2077
2759 2189
2760 1255
2761 1330
2762 1367
2763 1436
2764 1521
2765 1589
2766 1675
2767 1014
2768 0991
2769 1003
2770 1158
2771 1260
2772 1452
2773 1512
2774 1229
2775 1328
2776 1466
2777 1519
2778 1570
2779 1619
2780 1667
2781 1790
2782 1816
2783 2015
2784 1915
2785 1987
2786 2058
2787 2118
2788 2144
2789 1293
2790 1341
2791 1437
2792 1474
2793 1546
2794 1630
2795 1690
2796 0896
2797 0952
2798 1193
2799 1242
2800 1374
2801 1358
2802 1543
2803 1247
2804 1340
2805 1340
2806 1424
2807 1515
2808 1572
2809 1632
2810 1723
2811 1819
2812 1829
2813 1891
2814 1313
2815 2077
2816 2236
2817 1288
2818 1284
2819 1399
2820 1501
2821 0993
2822 1092
2823 0965
2824 1031
2825 1011
2826 1063
2827 1357
2828 1402
2829 1526
2830 1299
2831 1325
2832 1395
2833 1462
2834 1544
2835 1646
2836 1722
2837 0867
2838 1885
2839 1181
2840 2014
2841 1220
2842 1460
2843 3612
2844 1674
2845 1341
2846 0967
2847 1416
2848 1039
2849 1589
2850 1701
2851 1720
2852 1849
2853 1050
2854 1915
2855 1160
2856 1310
2857 1368
2858 1253
2859 1312
2860 1348
2861 1456
2862 1546
2863 1040
2864 1183
2865 0949
2866 1017
2867 1153
2868 1519
2869 1401
2870 1634
2871 1223
2872 1277
2873 1382
2874 1461
2875 1559
2876 1753
2877 1685
2878 0896
2879 1042
2880 1111
2881 1051
2882 1102
2883 1368
2884 1391
2885 1274
2886 1391
2887 1393
2888 1493
2889 0909
2890 0919
2891 1038
2892 0917
2893 0970
2894 1081
2895 1212
2896 1355
2897 1369
2898 1480
2899 1551
2900 1260
2901 1307
2902 1421
2903 1518
2904 1564
2905 1656
2906 1693
2907 0934
2908 1024
2909 1154
2910 1241
2911 1250
2912 1238
2913 1225
2914 1254
2915 1337
2916 1385
2917 1446
2918 1557
2919 1051
2920 1101
2921 0904
2922 1149
2923 1258
2924 1369
2925 1433
2926 1469
2927 1295
2928 1565
2929 1404
2930 1498
2931 1568
2932 1608
2933 1710
2934 1799
2935 1711
2936 1810
2937 1835
2938 1121
2939 1285
2940 2086
2941 2121
2942 1278
2943 1399
2944 1440
2945 1497
2946 1531
2947 0847
2948 1041
2949 1768
2950 0975
2951 1148
2952 1202
2953 1318
2954 1433
2955 1233
2956 1263
2957 1352
2958 1388
2959 1477
2960 1567
2961 1587
2962 1640
2963 1770
2964 1017
2965 1112
2966 1131
2967 1157
2968 1229
2969 1218
2970 1309
2971 1361
2972 1436
2973 1363
2974 1477
2975 1532
2976 1597
2977 1058
2978 0934
2979 0961
2980 1377
2981 1284
2982 1336
2983 1406
2984 1454
2985 1505
2986 1298
2987 1356
2988 1469
2989 1591
2990 1510
2991 1574
2992 1631
2993 0882
2994 0898
2995 1298
2996 1148
2997 2075
2998 1320
2999 1293
3000 1332
3001 1342
3002 1417
3003 1525
3004 1521
3005 1615
3006 1721
3007 1137
3008 1042
3009 1079
3010 1292
3011 1373
3012 1414
3013 1422
3014 1327
3015 1361
3016 1481
3017 1546
3018 1594
3019 1626
3020 1734
3021 1824
3022 1144
3023 1267
3024 2028
3025 2130
3026 1277
3027 1329
3028 1390
3029 4565
3030 2644
3031 1659
3032 1118
3033 1318
3034 1165
3035 1978
3036 2024
3037 2104
3038 1457
3039 1266
3040 1271
3041 1394
3042 1506
3043 1551
3044 1059
3045 1116
3046 0946
3047 1020
3048 1112
3049 1248
3050 1415
3051 1495
3052 1628
3053 1320
3054 1372
3055 1413
3056 1453
3057 1560
3058 1617
3059 1649
3060 1702
3061 1819
3062 1880
3063 1271
3064 2003
3065 2137
3066 1225
3067 1279
3068 1449
3069 1487
3070 1540
3071 1621
3072 0878
3073 0922
3074 1011
3075 1182
3076 1261
3077 1448
3078 1229
3079 1237
3080 1299
3081 1396
3082 1449
3083 1592
3084 1677
3085 0883
3086 1869
3087 1017
3088 1998
3089 1216
3090 2146
3091 1222
3092 1277
3093 1382
3094 1438
3095 1512
3096 0966
3097 1034
3098 0897
3099 1049
3100 1270
3101 1311
3102 1318
3103 1498
3104 1243
3105 1363
3106 1380
3107 1430
3108 1554
3109 1614
3110 1697
3111 0921
3112 1862
3113 1024
3114 2044
3115 1285
3116 2127
3117 1255
3118 1343
3119 1391
3120 1469
3121 1539
3122 0953
3123 1762
3124 0924
3125 1082
3126 1160
3127 1261
3128 1466
3129 1363
3130 1524
3131 1298
3132 1411
3133 1536
3134 1549
3135 1587
3136 1663
3137 1748
3138 1854
3139 1895
3140 2008
3141 2061
3142 2143
3143 1197
3144 1328
3145 1409
3146 1422
3147 1569
3148 0912
3149 1024
3150 0941
3151 1058
3152 1166
3153 1294
3154 1465
3155 1381
3156 1281
3157 1335
3158 1419
3159 1462
3160 1582
3161 1657
3162 1692
3163 0934
3164 1917
3165 1067
3166 2051
3167 1274
3168 1279
3169 1315
3170 1323
3171 1468
3172 1546
3173 1596
3174 1033
3175 0989
3176 1017
3177 1151
3178 1252
3179 1313
3180 1482
3181 1191
3182 1313
3183 1413
3184 1467
3185 2173
3186 2676
3187 1660
3188 1282
3189 1401
3190 1391
3191 1495
3192 1357
3193 1291
3194 1482
3195 1524
3196 1303
3197 1385
3198 1384
3199 1498
3200 1606
3201 1707
3202 1710
3203 1780
3204 0861
3205 1086
3206 1123
3207 1986
3208 1351
3209 2181
3210 1260
3211 1376
3212 1341
3213 1420
3214 1507
3215 1556
3216 1080
3217 0904
3218 0920
3219 1081
3220 1155
3221 1302
3222 1384
3223 1468
3224 1508
3225 1310
3226 1402
3227 1448
3228 1595
3229 1545
3230 1577
3231 1699
3232 1759
3233 1027
3234 1363
3235 1126
3236 1918
3237 1189
3238 2049
3239 1263
3240 1279
3241 1247
3242 1360
3243 1456
3244 1523
3245 1557
3246 1111
3247 1274
3248 0999
3249 1147
3250 1265
3251 1444
3252 1417
3253 1628
3254 1243
3255 1366
3256 1444
3257 1539
3258 1606
3259 1637
3260 0887
3261 1882
3262 1130
3263 1243
3264 1167
3265 2155
3266 1285
3267 1353
3268 1376
3269 1449
3270 1599
3271 1099
3272 0913
3273 1212
3274 1120
3275 1139
3276 1347
3277 1431
3278 1518
3279 1250
3280 1310
3281 1419
3282 1418
3283 1540
3284 1598
3285 1655
3286 1714
3287 1830
3288 1956
3289 1267
3290 1410
3291 2223
3292 1221
3293 2016
3294 1315
3295 1404
3296 1493
3297 1468
3298 1531
3299 0997
3300 0989
3301 0947
3302 1717
3303 0953
3304 1044
3305 1221
3306 1348
3307 1369
3308 1414
3309 1434
3310 1566
3311 1302
3312 1379
3313 1415
3314 1695
3315 1606
3316 1640
3317 1699
3318 0969
3319 1058
3320 1052
3321 1056
3322 1184
3323 1310
3324 1308
3325 1286
3326 1301
3327 1375
3328 1458
3329 1491
3330 0950
3331 1019
3332 1203
3333 0992
3334 1067
3335 1287
3336 1305
3337 1459
3338 1431
3339 1550
3340 1324
3341 1292
3342 1384
3343 1605
3344 1520
3345 1611
3346 1753
3347 0895
3348 1073
3349 1190
3350 1120
3351 2065
3352 1420
3353 1523
3354 1257
3355 1316
3356 1434
3357 1543
3358 0841
3359 1200
3360 0936
3361 0970
3362 1018
3363 1241
3364 1274
3365 1434
3366 1257
3367 1301
3368 1356
3369 1357
3370 1467
3371 1510
3372 3994
3373 2079
3374 1268
3375 1302
3376 1313
3377 1378
3378 1211
3379 1516
3380 1193
3381 1263
3382 1345
3383 1441
3384 1520
3385 1635
3386 1744
3387 1779
3388 1890
3389 1904
3390 2007
3391 2049
3392 2095
3393 2189
3394 1304
3395 1597
3396 1463
3397 1596
3398 0967
3399 1083
3400 0924
3401 0974
3402 1127
3403 1292
3404 1351
3405 1421
3406 1497
3407 1220
3408 1362
3409 1435
3410 1503
3411 1598
3412 1687
3413 1718
3414 1799
3415 1875
3416 1261
3417 2013
3418 2037
3419 2078
3420 1449
3421 1297
3422 1360
3423 1461
3424 1477
3425 1481
3426 0984
3427 1705
3428 0934
3429 0935
3430 1216
3431 1229
3432 1379
3433 1479
3434 1199
3435 1264
3436 1357
3437 1466
3438 1568
3439 1615
3440 1693
3441 0949
3442 1789
3443 1014
3444 1994
3445 1293
3446 2137
3447 1420
3448 1289
3449 1330
3450 1400
3451 1521
3452 1537
3453 1005
3454 1748
3455 1122
3456 1375
3457 1220
3458 1543
3459 1420
3460 1217
3461 1308
3462 1352
3463 1443
3464 1508
3465 1624
3466 1679
3467 0885
3468 0925
3469 1046
3470 1145
3471 1207
3472 0942
3473 1140
3474 1282
3475 1239
3476 1246
3477 1220
3478 1395
3479 1305
3480 1314
3481 1453
3482 1550
3483 1598
3484 1096
3485 0902
3486 0956
3487 1213
3488 1219
3489 1343
3490 1473
3491 1230
3492 1339
3493 1392
3494 1508
3495 1510
3496 1587
3497 1673
3498 0935
3499 1807
3500 1038
3501 1342
3502 1250
3503 2114
3504 1253
3505 1287
3506 1376
3507 1472
3508 1529
3509 1597
3510 1699
3511 0894
3512 0942
3513 1130
3514 1263
3515 1383
3516 1468
3517 1233
3518 1283
3519 1363
3520 1384
3521 1452
3522 1560
3523 1587
3524 1667
3525 0895
3526 1897
3527 1214
3528 2019
3529 1219
3530 1216
3531 1286
3532 1341
3533 1363
3534 1456
3535 1541
3536 1594
3537 1104
3538 0951
3539 1056
3540 1161
3541 1323
3542 1409
3543 1508
3544 1276
3545 1295
3546 1377
3547 1400
3548 1479
3549 1586
3550 1666
3551 1736
3552 1826
3553 1881
3554 1994
3555 2066
3556 2148
3557 1207
3558 1254
3559 3705
3560 1786
3561 0951
3562 1068
3563 1477
3564 1670
3565 1789
3566 1159
3567 1852
3568 1990
3569 2044
3570 1472
3571 1295
3572 1362
3573 1366
3574 1423
3575 1557
3576 1004
3577 1050
3578 0907
3579 0967
3580 1189
3581 1297
3582 1360
3583 1383
3584 1468
3585 1205
3586 1261
3587 1426
3588 1486
3589 1581
3590 1617
3591 1668
3592 1705
3593 1789
3594 1136
3595 1243
3596 1345
3597 1209
3598 2165
3599 1258
3600 1263
3601 1394
3602 1423
3603 1008
3604 1111
3605 1096
3606 1789
3607 0976
3608 1241
3609 1475
3610 1515
3611 1453
3612 1246
3613 1350
3614 1489
3615 1527
3616 1553
3617 1682
3618 0928
3619 0990
3620 1838
3621 1179
3622 1245
3623 1230
3624 2158
3625 1261
3626 1395
3627 1456
3628 1528
3629 0998
3630 1038
3631 0940
3632 1024
3633 1164
3634 1337
3635 1438
3636 1481
3637 1486
3638 1212
3639 1311
3640 1414
3641 1536
3642 1600
3643 1656
3644 1708
3645 0970
3646 1056
3647 1073
3648 1155
3649 1241
3650 1284
3651 1243
3652 1241
3653 1351
3654 1393
3655 0944
3656 1541
3657 1071
3658 1181
3659 1038
3660 1150
3661 1241
3662 1338
3663 1361
3664 1519
3665 1527
3666 1321
3667 1402
3668 1438
3669 1516
3670 1620
3671 1648
3672 1737
3673 1059
3674 1957
3675 1108
3676 1297
3677 1323
3678 1246
3679 1343
3680 1331
3681 1460
3682 1559
3683 1191
3684 1685
3685 1782
3686 1022
3687 1150
3688 1312
3689 1354
3690 1459
3691 1221
3692 1247
3693 1263
3694 1346
3695 1431
3696 1528
3697 1697
3698 1661
3699 0832
3700 1842
3701 1098
3702 1180
3703 1225
3704 1298
3705 1231
3706 1299
3707 0832
3708 1472
3709 1550
3710 1031
3711 1032
3712 1135
3713 1024
3714 1206
3715 3472
3716 1553
3717 1203
3718 1302
3719 1393
3720 1457
3721 1535
3722 1602
3723 1747
3724 1014
3725 1338
3726 1057
3727 1458
3728 1317
3729 1665
3730 1230
3731 1300
3732 1399
3733 1473
3734 1526
3735 1611
3736 1699
3737 0925
3738 0992
3739 1049
3740 1146
3741 1307
3742 1323
3743 1294
3744 1240
3745 1398
3746 1403
3747 1517
3748 1586
3749 1662
3750 1100
3751 1099
3752 0988
3753 1018
3754 1237
3755 1258
3756 1267
3757 1387
3758 1405
3759 1450
3760 1242
3761 1289
3762 1315
3763 1438
3764 1454
3765 1558
3766 1661
3767 1729
3768 1776
3769 1858
3770 1967
3771 1963
3772 2095
3773 2132
3774 1238
3775 1328
3776 1409
3777 1372
3778 1495
3779 1523
3780 1592
3781 1024
3782 1071
3783 1049
3784 1257
3785 1308
3786 1373
3787 1398
3788 1231
3789 1266
3790 1331
3791 1480
3792 1487
3793 1604
3794 1684
3795 1770
3796 1797
3797 1933
3798 1986
3799 2116
3800 2082
3801 1213
3802 1354
3803 1402
3804 1471
3805 1534
3806 0963
3807 1010
3808 1000
3809 1098
3810 1255
3811 1325
3812 1411
3813 1228
3814 1285
3815 1349
3816 1426
3817 1562
3818 1621
3819 1682
3820 1806
3821 1851
3822 1930
3823 2009
3824 2024
3825 2176
3826 1258
3827 1321
3828 1407
3829 1445
3830 0876
3831 1048
3832 1069
3833 0926
3834 1256
3835 1232
3836 1354
3837 1448
3838 1436
3839 1227
3840 1325
3841 1431
3842 1443
3843 1520
3844 1634
3845 1683
3846 1828
3847 1791
3848 1899
3849 1980
3850 1999
3851 2113
3852 1275
3853 1352
3854 1919
3855 1551
3856 1606
3857 1632
3858 1743
3859 0947
3860 1086
3861 1264
3862 1376
3863 1395
3864 1451
3865 1238
3866 1268
3867 1357
3868 1483
3869 1552
3870 1575
3871 1663
3872 1748
3873 0919
3874 1812
3875 1079
3876 1944
3877 1157
3878 2162
3879 1331
3880 1221
3881 1297
3882 1340
3883 1454
3884 1459
3885 1566
3886 1622
3887 1670
3888 0996
3889 1046
3890 1173
3891 1309
3892 1364
3893 1460
3894 1516
3895 1232
3896 1327
3897 1367
3898 1388
3899 1511
3900 1538
3901 5041
3902 3070
3903 1570
3904 1161
3905 1339
3906 1333
3907 1455
3908 1450
3909 1321
3910 1429
3911 1180
3912 1267
3913 1410
3914 1603
3915 1524
3916 1519
3917 1667
3918 1700
3919 1776
3920 1082
3921 1109
3922 1131
3923 2112
3924 1269
3925 1218
3926 1323
3927 1379
3928 1400
3929 0901
3930 0906
3931 0859
3932 0887
3933 0991
3934 0931
3935 0982
3936 1138
3937 1196
3938 1313
3939 1271
3940 1429
3941 1633
3942 1293
3943 1299
3944 1385
3945 1517
3946 1591
3947 1557
3948 1678
3949 1703
3950 1724
3951 1845
3952 1165
3953 1922
3954 1172
3955 2070
3956 1287
3957 1241
3958 1251
3959 1325
3960 1356
3961 1433
3962 1576
3963 1621
3964 0998
3965 1107
3966 1150
3967 1092
3968 1215
3969 1276
3970 1379
3971 1417
3972 1400
3973 1254
3974 1361
3975 1378
3976 1415
3977 1509
3978 1600
3979 1661
3980 1645
3981 1712
3982 1774
3983 1819
3984 1937
3985 2008
3986 1997
3987 1259
3988 1468
3989 1294
3990 1359
3991 1378
3992 1448
3993 1574
3994 1541
3995 0870
3996 1028
3997 0912
3998 1008
3999 1160
4000 1150
4001 1255
4002 1121
4003 1138
4004 1210
4005 1318
4006 1352
4007 1464
4008 1506
4009 1535
4010 1262
4011 1329
4012 1391
4013 1405
4014 1423
4015 1477
4016 1509
4017 1667
4018 1530
4019 1460
4020 1489
4021 1579
4022 1579
4023 1604
4024 1733
4025 1778
4026 1090
4027 1940
4028 1998
4029 2089
4030 1285
4031 1230
4032 1310
4033 1394
4034 1504
4035 0978
4036 1638
4037 1672
4038 1235
4039 0927
4040 1542
4041 1285
4042 1388
4043 1421
4044 1216
4045 1269
4046 1332
4047 1427
4048 1470
4049 1506
4050 1625
4051 1690
4052 0908
4053 1718
4054 0867
4055 0979
4056 4406
4057 2457
4058 1414
4059 1207
4060 1609
4061 1487
4062 1212
4063 1299
4064 1339
4065 1378
4066 1488
4067 1449
4068 1506
4069 1481
4070 1526
4071 1508
4072 1587
4073 1640
4074 1686
4075 0876
4076 1752
4077 0889
4078 1002
4079 1112
4080 2036
4081 1168
4082 1323
4083 1388
4084 1286
4085 1279
4086 1322
4087 1374
4088 1418
4089 1518
4090 1577
4091 1048
4092 1697
4093 1079
4094 0998
4095 1094
4096 1366
4097 1270
4098 1337
4099 1411
4100 1377
4101 1350
4102 1384
4103 1423
4104 1422
4105 1220
4106 1223
4107 1351
4108 1386
4109 1422
4110 1512
4111 1539
4112 1624
4113 1668
4114 1752
4115 1852
4116 1844
4117 1092
4118 1954
4119 1961
4120 1972
4121 1203
4122 2088
4123 2119
4124 2212
4125 1302
4126 1412
4127 1436
4128 1489
4129 1659
4130 1687
4131 0979
4132 0961
4133 0922
4134 0964
4135 1124
4136 1229
4137 1271
4138 1345
4139 1227
4140 1291
4141 1390
4142 1450
4143 1531
4144 1660
4145 1658
4146 1739
4147 1840
4148 1997
4149 2028
4150 2075
4151 2051
4152 2166
4153 1259
4154 1386
4155 1516
4156 1458
4157 1556
4158 0943
4159 1066
4160 0914
4161 0981
4162 1159
4163 1212
4164 1274
4165 1298
4166 1405
4167 1236
4168 1303
4169 1330
4170 1435
4171 1553
4172 1595
4173 1589
4174 1637
4175 1725
4176 1818
4177 1914
4178 1998
4179 1991
4180 1339
4181 1207
4182 1288
4183 1299
4184 1379
4185 1514
4186 0969
4187 0971
4188 0897
4189 0982
4190 1148
4191 1236
4192 1276
4193 1438
4194 1466
4195 1264
4196 1299
4197 1398
4198 1468
4199 1559
4200 1600
4201 1657
4202 1825
4203 0990
4204 1927
4205 1142
4206 2038
4207 1250
4208 1231
4209 1290
4210 1379
4211 1435
4212 1545
4213 1519
4214 1670
4215 1055
4216 0905
4217 1035
4218 1240
4219 1245
4220 1405
4221 1424
4222 1456
4223 1244
4224 1409
4225 1456
4226 1539
4227 1559
4228 1650
4229 1704
4230 1834
4231 1889
4232 1187
4233 2022
4234 2174
4235 1252
4236 1290
4237 1374
4238 1463
4239 1600
4240 0840
4241 1286
4242 1714
4243 1364
4244 1127
4245 1284
4246 1379
4247 1438
4248 2173
4249 1288
4250 1310
4251 1350
4252 1788
4253 1533
4254 0974
4255 0956
4256 0996
4257 0996
4258 1022
4259 1166
4260 1209
4261 1340
4262 1511
4263 1262
4264 1290
4265 1400
4266 1424
4267 1541
4268 1566
4269 1651
4270 1783
4271 0947
4272 1916
4273 1101
4274 2268
4275 1306
4276 1206
4277 1260
4278 1306
4279 1434
4280 1527
4281 1615
4282 0939
4283 1043
4284 0918
4285 1126
4286 1192
4287 1263
4288 1508
4289 1361
4290 1266
4291 1354
4292 1428
4293 1435
4294 1545
4295 1619
4296 1730
4297 1841
4298 1868
4299 1911
4300 2018
4301 2054
4302 1309
4303 1300
4304 1352
4305 1442
4306 1465
4307 1560
4308 0918
4309 1039
4310 0960
4311 0968
4312 1116
4313 1203
4314 1319
4315 1360
4316 1248
4317 1248
4318 1374
4319 1438
4320 1527
4321 1564
4322 1673
4323 0845
4324 1821
4325 1081
4326 2159
4327 1203
4328 2189
4329 1273
4330 1315
4331 1424
4332 1564
4333 1604
4334 1652
4335 1076
4336 0979
4337 1066
4338 1184
4339 1234
4340 1316
4341 1431
4342 1310
4343 1357
4344 1443
4345 1498
4346 1590
4347 1699
4348 1738
4349 1810
4350 1876
4351 2002
4352 2073
4353 1322
4354 1416
4355 1260
4356 1411
4357 1712
4358 1540
4359 0914
4360 0956
4361 1001
4362 0982
4363 0988
4364 1188
4365 1255
4366 1298
4367 1409
4368 1437
4369 1310
4370 1395
4371 1434
4372 1473
4373 1546
4374 1629
4375 1748
4376 1756
4377 1851
4378 1097
4379 1233
4380 1232
4381 1256
4382 1356
4383 1326
4384 1362
4385 1411
4386 1487
4387 1612
4388 1062
4389 1115
4390 0980
4391 1001
4392 1209
4393 1213
4394 1333
4395 1388
4396 1468
4397 3738
4398 1804
4399 1361
4400 1444
4401 1546
4402 1080
4403 1647
4404 1103
4405 1222
4406 1011
4407 1191
4408 1227
4409 1473
4410 1345
4411 1416
4412 1302
4413 1315
4414 1417
4415 1496
4416 1538
4417 1635
4418 1749
4419 1739
4420 1796
4421 1096
4422 1207
4423 2006
4424 2028
4425 2147
4426 1222
4427 1302
4428 1395
4429 1473
4430 1690
4431 0960
4432 0946
4433 1797
4434 0972
4435 1051
4436 1181
4437 1196
4438 1330
4439 1364
4440 1435
4441 1305
4442 1360
4443 1403
4444 1477
4445 1576
4446 1647
4447 1719
4448 1840
4449 1931
4450 1986
4451 1993
4452 1467
4453 2152
4454 1216
4455 1335
4456 1353
4457 1468
4458 1559
4459 1592
4460 0944
4461 0890
4462 0979
4463 1265
4464 1135
4465 1255
4466 1328
4467 1405
4468 1527
4469 1309
4470 1366
4471 1461
4472 1526
4473 1564
4474 1640
4475 2001
4476 1843
4477 1815
4478 1908
4479 1997
4480 2082
4481 2118
4482 1391
4483 1265
4484 1372
4485 1415
4486 1537
4487 1534
4488 0905
4489 1010
4490 0899
4491 1000
4492 1113
4493 1180
4494 1284
4495 1325
4496 1413
4497 1437
4498 1296
4499 1340
4500 1411
4501 1485
4502 1545
4503 1623
4504 1754
4505 1772
4506 1812
4507 1130
4508 1996
4509 1995
4510 2072
4511 1427
4512 1262
4513 1348
4514 1246
4515 1354
4516 1846
4517 1031
4518 1906
4519 1277
4520 2069
4521 2139
4522 1246
4523 1278
4524 1337
4525 1418
4526 1459
4527 1583
4528 1640
4529 1044
4530 1159
4531 1104
4532 1237
4533 1309
4534 1197
4535 1254
4536 1342
4537 1395
4538 1386
4539 1254
4540 1308
4541 1370
4542 1438
4543 1476
4544 1559
4545 1622
4546 1722
4547 1727
4548 1841
4549 1903
4550 1982
4551 2104
4552 1214
4553 1174
4554 1291
4555 1250
4556 1286
4557 1348
4558 1438
4559 0912
4560 0913
4561 0893
4562 0905
4563 1006
4564 1111
4565 1247
4566 1179
4567 1185
4568 1215
4569 1243
4570 1363
4571 1206
4572 1288
4573 1394
4574 1405
4575 1474
4576 1547
4577 1615
4578 1665
4579 0964
4580 1874
4581 1007
4582 2621
4583 3470
4584 1540
4585 1353
4586 1745
4587 1310
4588 1432
4589 1503
4590 1525
4591 1574
4592 1582
4593 1756
4594 1787
4595 1024
4596 1887
4597 1108
4598 2127
4599 1236
4600 1239
4601 1268
4602 1367
4603 1393
4604 1393
4605 1435
4606 1566
4607 0972
4608 1029
4609 0906
4610 1007
4611 1266
4612 1212
4613 1388
4614 1410
4615 1493
4616 1472
4617 1276
4618 1291
4619 1324
4620 1368
4621 1484
4622 1510
4623 1593
4624 1732
4625 0958
4626 0955
4627 0972
4628 1081
4629 1132
4630 1227
4631 1279
4632 1240
4633 1298
4634 1395
4635 1445
4636 1516
4637 1017
4638 0953
4639 1848
4640 0928
4641 0993
4642 1136
4643 1337
4644 1241
4645 1401
4646 1477
4647 1541
4648 1284
4649 1366
4650 1413
4651 1501
4652 1528
4653 1615
4654 1625
4655 1722
4656 0846
4657 1825
4658 1168
4659 1303
4660 1180
4661 1254
4662 1769
4663 1304
4664 1375
4665 1429
4666 1448
4667 1477
4668 1551
4669 1070
4670 1720
4671 1751
4672 1009
4673 1100
4674 1262
4675 1330
4676 1408
4677 1469
4678 1203
4679 1396
4680 1396
4681 1365
4682 1449
4683 1506
4684 1582
4685 1636
4686 0947
4687 1744
4688 1005
4689 1073
4690 1108
4691 1149
4692 1276
4693 1280
4694 1321
4695 1358
4696 1451
4697 1512
4698 1537
4699 0969
4700 1713
4701 0979
4702 1136
4703 1266
4704 1345
4705 1384
4706 1436
4707 1436
4708 1457
4709 1207
4710 1249
4711 1317
4712 1379
4713 1408
4714 1450
4715 1539
4716 1601
4717 1739
4718 0931
4719 0968
4720 1066
4721 1072
4722 1209
4723 1220
4724 1201
4725 1344
4726 1249
4727 1256
4728 1302
4729 1353
4730 1455
4731 1548
4732 0868
4733 1677
4734 1717
4735 1025
4736 1043
4737 1194
4738 1272
4739 1265
4740 1300
4741 1375
4742 1228
4743 1308
4744 1370
4745 1517
4746 1542
4747 1627
4748 1709
4749 1842
4750 1959
4751 1162
4752 2040
4753 2129
4754 2194
4755 1259
4756 2020
4757 2054
4758 2029
4759 2106
4760 1254
4761 1321
4762 1374
4763 1439
4764 1497
4765 0949
4766 1632
4767 1708
4768 4811
4769 2882
4770 1408
4771 1153
4772 1553
4773 1744
4774 2213
4775 1302
4776 1398
4777 1420
4778 1480
4779 0933
4780 1022
4781 0939
4782 0976
4783 1166
4784 1216
4785 1337
4786 1383
4787 1224
4788 1315
4789 1427
4790 1503
4791 1548
4792 0985
4793 1719
4794 0869
4795 1869
4796 1155
4797 2060
4798 1214
4799 1217
4800 1299
4801 1407
4802 1450
4803 1533
4804 0921
4805 0865
4806 0871
4807 0982
4808 1191
4809 1304
4810 1385
4811 1460
4812 1266
4813 1309
4814 1426
4815 1539
4816 1591
4817 1633
4818 1672
4819 1810
4820 1899
4821 1991
4822 2058
4823 2168
4824 1274
4825 1329
4826 1391
4827 1444
4828 1474
4829 1599
4830 0963
4831 0903
4832 1042
4833 1143
4834 1227
4835 1272
4836 1346
4837 1512
4838 1433
4839 1303
4840 1341
4841 1877
4842 1529
4843 1631
4844 1676
4845 1765
4846 1629
4847 1720
4848 1770
4849 1858
4850 1957
4851 1944
4852 2006
4853 2117
4854 2153
4855 1235
4856 1354
4857 1366
4858 1460
4859 1547
4860 1649
4861 1022
4862 1052
4863 0973
4864 1101
4865 1241
4866 1289
4867 1344
4868 1238
4869 1344
4870 1392
4871 1458
4872 1553
4873 1631
4874 1722
4875 1774
4876 1893
4877 1912
4878 2000
4879 2061
4880 2029
4881 2165
4882 1239
4883 1320
4884 1479
4885 1458
4886 1593
4887 1646
4888 0901
4889 1063
4890 1216
4891 1099
4892 1263
4893 1325
4894 1369
4895 1241
4896 1325
4897 1440
4898 1487
4899 1536
4900 1550
4901 1674
4902 1760
4903 1825
4904 1876
4905 1985
4906 2003
4907 2061
4908 2178
4909 1256
4910 1274
4911 1361
4912 1389
4913 1446
4914 1539
4915 1568
4916 1672
4917 1015
4918 0943
4919 0917
4920 0945
4921 1026
4922 1037
4923 1176
4924 4026
4925 2069
4926 1536
4927 1538
4928 1232
4929 1298
4930 1291
4931 1385
4932 1464
4933 1492
4934 1182
4935 1664
4936 1668
4937 1006
4938 1150
4939 1327
4940 1264
4941 1377
4942 1400
4943 1418
4944 1438
4945 1275
4946 1288
4947 1542
4948 1435
4949 1433
4950 1478
4951 1530
4952 1529
4953 1673
4954 0944
4955 0967
4956 1900
4957 1075
4958 2013
4959 1247
4960 2124
4961 1244
4962 1225
4963 1354
4964 1382
4965 1505
4966 0978
4967 1086
4968 0998
4969 0945
4970 1043
4971 1202
4972 1239
4973 1340
4974 1377
4975 1277
4976 1344
4977 1318
4978 1471
4979 1481
4980 1563
4981 1611
4982 1697
4983 1749
4984 0986
4985 1032
4986 1039
4987 2111
4988 1322
4989 1277
4990 1328
4991 1429
4992 1439
4993 0971
4994 1630
4995 0959
4996 0965
4997 1403
4998 1223
4999 1202
5000 1273
Average  1425
Min  0811
Max  5514
END