1 2595
2 2150
3 1266
4 1308
5 1424
6 1515
7 1559
8 1654
9 1755
10 1072
11 1421
12 1011
13 2010
14 1176
15 1413
16 1268
17 1265
18 1341
19 1390
20 1511
21 1550
22 1624
23 1703
24 2164
25 1839
26 1936
27 1990
28 2587
29 2166
30 1277
31 1367
32 1434
33 1493
34 1586
35 1614
36 1733
37 1013
38 0983
39 1040
40 1126
41 1259
42 1284
43 1277
44 1381
45 1449
46 1539
47 1606
48 1237
49 1730
50 1237
51 1957
52 2008
53 2122
54 2197
55 1225
56 1356
57 1424
58 1511
59 1605
60 1622
61 1730
62 1746
63 1322
64 0978
65 1299
66 0975
67 1989
68 1119
69 1219
70 1548
71 1226
72 1267
73 1465
74 1483
75 1512
76 1550
77 1674
78 0835
79 1840
80 1936
81 1985
82 2065
83 2121
84 1260
85 1840
86 1427
87 1655
88 1577
89 2090
90 1736
91 0929
92 0908
93 0993
94 1099
95 1145
96 1200
97 1272
98 1307
99 1420
100 1477
101 1536
102 1603
103 2106
104 1779
105 1867
106 1941
107 1961
108 1622
109 2183
110 1295
111 1339
112 1428
113 1480
114 1792
115 1677
116 1704
117 0866
118 0955
119 0999
120 1063
121 1159
122 1687
123 1264
124 1317
125 1380
126 1497
127 1544
128 1636
129 1713
130 2308
131 1896
132 1942
133 2490
134 1617
135 2211
136 1273
137 1321
138 1425
139 1493
140 1574
141 1705
142 1705
143 1207
144 0949
145 1019
146 1086
147 1164
148 1700
149 1253
150 1336
151 1390
152 1292
153 1894
154 1491
155 1527
156 1601
157 1698
158 1717
159 1779
160 1404
161 1903
162 1136
163 1207
164 1229
165 3579
166 1665
167 1425
168 1500
169 1569
170 1653
171 1696
172 1299
173 1861
174 1503
175 1119
176 2188
177 1278
178 1398
179 1297
180 1301
181 1919
182 1526
183 1509
184 1578
185 1655
186 1706
187 1328
188 2353
189 1487
190 2037
191 1580
192 2189
193 1302
194 1335
195 1458
196 1546
197 2108
198 1674
199 1726
200 0900
201 1027
202 1060
203 1119
204 1222
205 1297
206 1245
207 1285
208 1373
209 1380
210 2022
211 1495
212 1622
213 1676
214 1312
215 1825
216 0970
217 1983
218 1653
219 2175
220 1295
221 1298
222 1269
223 1393
224 1463
225 1465
226 1572
227 1680
228 1000
229 0862
230 2370
231 1015
232 1078
233 1181
234 1256
235 1304
236 1322
237 1384
238 1505
239 1515
240 1501
241 1593
242 1642
243 2076
244 1840
245 1877
246 1905
247 1527
248 2021
249 1197
250 1266
251 1250
252 0943
253 1538
254 1489
255 1537
256 1617
257 1685
258 1730
259 2352
260 1123
261 1115
262 1193
263 1231
264 1261
265 1828
266 1434
267 1533
268 1519
269 1664
270 1768
271 1733
272 1794
273 1854
274 1477
275 2559
276 1390
277 2164
278 1798
279 1357
280 2001
281 1567
282 1595
283 0809
284 0864
285 1821
286 1388
287 1160
288 2088
289 1209
290 1253
291 1310
292 1441
293 1989
294 1520
295 1639
296 1682
297 1848
298 1869
299 1491
300 1943
301 1147
302 1678
303 1221
304 1434
305 1364
306 1521
307 1578
308 1623
309 1652
310 1730
311 1323
312 0976
313 1947
314 1140
315 1337
316 1224
317 1347
318 1358
319 1437
320 1547
321 1619
322 1646
323 2245
324 1830
325 1887
326 1970
327 2067
328 2602
329 1192
330 1273
331 1340
332 1359
333 1445
334 1575
335 1124
336 0809
337 0864
338 1932
339 1024
340 1231
341 1129
342 1266
343 1288
344 1353
345 1344
346 1434
347 1500
348 1615
349 1818
350 1750
351 2370
352 1943
353 2019
354 2275
355 1208
356 1470
357 1355
358 1481
359 1575
360 1618
361 1673
362 1784
363 0884
364 1026
365 1110
366 1115
367 1238
368 1233
369 1224
370 2199
371 1269
372 1299
373 1331
374 1465
375 1517
376 1637
377 1709
378 1734
379 1353
380 1927
381 1110
382 5448
383 3532
384 1614
385 1315
386 1407
387 1452
388 1504
389 2134
390 1697
391 1783
392 1903
393 1936
394 1999
395 2089
396 1226
397 1247
398 1314
399 1347
400 1438
401 1137
402 1594
403 1695
404 0933
405 0934
406 1357
407 1019
408 2000
409 1257
410 1389
411 1274
412 1335
413 1445
414 1535
415 1537
416 1616
417 1689
418 1806
419 2240
420 1352
421 1871
422 1954
423 1533
424 2064
425 1216
426 1212
427 1318
428 1361
429 1482
430 1520
431 1631
432 1716
433 1769
434 0928
435 0953
436 1083
437 1129
438 1225
439 1312
440 1267
441 1374
442 1444
443 1484
444 1591
445 1677
446 1828
447 1833
448 1908
449 1537
450 2085
451 2193
452 1224
453 1262
454 1311
455 1404
456 1506
457 1598
458 1679
459 0815
460 1004
461 1785
462 0859
463 1004
464 1032
465 1122
466 1221
467 1647
468 1292
469 1222
470 1314
471 1392
472 1367
473 1455
474 1526
475 1510
476 2115
477 1325
478 1405
479 1485
480 1566
481 1630
482 1668
483 1658
484 1782
485 1819
486 1860
487 1957
488 1982
489 2038
490 2161
491 1327
492 1355
493 1406
494 1420
495 1485
496 1614
497 1673
498 1719
499 0926
500 0972
501 1400
502 1123
503 2155
504 1317
505 1282
506 1355
507 1431
508 2045
509 1612
510 1640
511 1908
512 1762
513 1374
514 1919
515 1067
516 1141
517 2070
518 2148
519 2181
520 1296
521 1348
522 1435
523 1528
524 1645
525 1706
526 0866
527 0936
528 1164
529 1065
530 1176
531 1630
532 1549
533 1309
534 1315
535 1041
536 1463
537 1586
538 1623
539 1252
540 1772
541 0978
542 1965
543 2051
544 1698
545 1253
546 1367
547 1429
548 1429
549 1126
550 1629
551 0894
552 0943
553 0992
554 1083
555 1136
556 1243
557 1206
558 1327
559 1357
560 1470
561 1550
562 1889
563 1982
564 1818
565 2400
566 1523
567 2042
568 1201
569 1232
570 1839
571 1437
572 1520
573 1512
574 1643
575 1748
576 0913
577 0985
578 1039
579 1248
580 1532
581 1262
582 1304
583 1392
584 1484
585 1524
586 1631
587 1731
588 1800
589 1441
590 1993
591 1125
592 2664
593 1268
594 1320
595 1014
596 1498
597 1586
598 1702
599 0848
600 0869
601 3160
602 1287
603 2081
604 2201
605 1256
606 1319
607 1920
608 1467
609 2013
610 1647
611 1716
612 1360
613 1879
614 1522
615 2194
616 1283
617 1255
618 1327
619 1368
620 1488
621 1567
622 1616
623 1744
624 0915
625 1359
626 1027
627 2023
628 1160
629 1451
630 1247
631 1878
632 1393
633 1986
634 1601
635 1680
636 1288
637 1739
638 0915
639 1942
640 2002
641 2020
642 1651
643 2147
644 1764
645 1312
646 1402
647 1476
648 1524
649 2148
650 1227
651 1764
652 0917
653 1135
654 1507
655 1185
656 1216
657 1291
658 1316
659 1403
660 1452
661 1518
662 2133
663 1251
664 1731
665 1373
666 1028
667 1080
668 1298
669 2177
670 1278
671 1341
672 1458
673 1515
674 1589
675 1646
676 1725
677 0854
678 0965
679 0966
680 1495
681 1077
682 2397
683 1259
684 1252
685 1358
686 1443
687 1988
688 1596
689 1599
690 1215
691 1777
692 0938
693 1938
694 1997
695 1157
696 2701
697 1286
698 1352
699 1428
700 1456
701 1583
702 1619
703 1710
704 1747
705 0866
706 0899
707 0923
708 1366
709 1133
710 2060
711 1186
712 1316
713 1218
714 1306
715 1368
716 1445
717 1506
718 2029
719 1870
720 1737
721 0908
722 1895
723 1995
724 2074
725 2038
726 2677
727 1266
728 1333
729 1525
730 1454
731 1592
732 1484
733 1115
734 1609
735 1599
736 1667
737 1235
738 0958
739 1966
740 1049
741 1516
742 1137
743 2154
744 1278
745 1274
746 1302
747 1473
748 1510
749 1574
750 1654
751 2227
752 1330
753 2329
754 0991
755 2013
756 2128
757 1230
758 1289
759 1365
760 1454
761 1539
762 1617
763 1610
764 1578
765 1651
766 1734
767 0886
768 0874
769 1888
770 1208
771 1224
772 1203
773 1692
774 1379
775 1352
776 1414
777 1578
778 1527
779 2107
780 1617
781 1717
782 1823
783 1894
784 1508
785 2526
786 1237
787 1275
788 1265
789 1292
790 1388
791 1492
792 1543
793 1632
794 1643
795 1669
796 0835
797 0927
798 1473
799 1125
800 2132
801 1266
802 1741
803 1306
804 1333
805 1447
806 1544
807 1593
808 1655
809 1727
810 2324
811 1422
812 1967
813 1136
814 2088
815 2149
816 1779
817 1313
818 1996
819 2786
820 1312
821 1596
822 1231
823 1773
824 0908
825 1898
826 2039
827 1210
828 2620
829 1723
830 1306
831 1316
832 1395
833 1532
834 1605
835 1846
836 0870
837 0887
838 2166
839 0988
840 1113
841 1150
842 1283
843 1311
844 1335
845 1343
846 1483
847 2034
848 1632
849 1677
850 1732
851 1377
852 2056
853 0991
854 1109
855 2044
856 2626
857 1737
858 1285
859 1398
860 1483
861 1533
862 1629
863 1633
864 1227
865 0893
866 1917
867 1088
868 1192
869 1148
870 1214
871 1290
872 1303
873 1302
874 1461
875 1529
876 1634
877 1687
878 1307
879 1985
880 1030
881 2043
882 2063
883 2103
884 1728
885 1214
886 1367
887 1387
888 1447
889 1517
890 1612
891 1658
892 1738
893 0872
894 0940
895 0999
896 1086
897 1148
898 1214
899 1291
900 1250
901 1391
902 1386
903 1437
904 1064
905 1566
906 1564
907 2153
908 1705
909 1299
910 1875
911 0983
912 1999
913 2020
914 1709
915 2154
916 1805
917 1347
918 1883
919 1625
920 1555
921 1680
922 1738
923 1305
924 0937
925 1427
926 1108
927 2106
928 1201
929 1653
930 1280
931 1267
932 1376
933 1311
934 1441
935 1404
936 2036
937 1553
938 1589
939 1688
940 1767
941 1839
942 1943
943 2007
944 1989
945 2065
946 2217
947 1302
948 1247
949 1382
950 1945
951 1474
952 1574
953 1648
954 1705
955 1281
956 0965
957 1452
958 1090
959 2097
960 1242
961 1743
962 1360
963 1380
964 1464
965 1998
966 1606
967 2188
968 1757
969 1403
970 0989
971 1106
972 2058
973 2186
974 1285
975 1288
976 1854
977 1810
978 1724
979 1559
980 1595
981 1723
982 0862
983 0904
984 1020
985 1056
986 1136
987 1248
988 1340
989 1320
990 1431
991 1449
992 1496
993 1525
994 1638
995 1698
996 1806
997 1853
998 1454
999 2006
1000 1155
1001 2172
1002 1230
1003 1263
1004 1892
1005 1472
1006 1560
1007 1589
1008 1670
1009 1738
1010 0885
1011 0978
1012 1057
1013 1100
1014 1192
1015 1706
1016 1240
1017 1326
1018 1323
1019 1377
1020 1978
1021 1571
1022 1620
1023 1743
1024 1798
1025 2397
1026 1939
1027 2001
1028 2083
1029 2178
1030 1392
1031 1361
1032 1436
1033 1495
1034 1589
1035 1260
1036 4147
1037 2176
1038 1260
1039 1885
1040 0912
1041 1329
1042 0983
1043 2547
1044 1644
1045 1240
1046 1289
1047 1319
1048 1319
1049 1388
1050 1429
1051 1523
1052 1639
1053 1723
1054 1783
1055 1867
1056 1940
1057 2508
1058 1606
1059 2109
1060 1270
1061 1237
1062 1336
1063 1403
1064 1470
1065 1500
1066 1630
1067 1712
1068 1776
1069 0879
1070 1082
1071 1476
1072 1628
1073 1684
1074 0844
1075 0905
1076 1937
1077 1127
1078 1590
1079 1195
1080 1263
1081 1695
1082 1264
1083 1362
1084 1496
1085 1566
1086 1637
1087 1683
1088 1759
1089 1848
1090 1954
1091 1962
1092 2211
1093 2144
1094 1218
1095 1865
1096 1384
1097 1443
1098 1538
1099 1625
1100 1678
1101 1736
1102 0905
1103 0953
1104 1466
1105 1106
1106 1159
1107 1234
1108 1224
1109 1321
1110 1391
1111 1781
1112 1539
1113 1537
1114 1726
1115 1555
1116 1675
1117 1687
1118 1820
1119 1891
1120 2439
1121 1282
1122 2086
1123 1247
1124 1250
1125 1336
1126 1476
1127 1902
1128 1626
1129 2332
1130 0866
1131 1826
1132 1884
1133 1483
1134 1234
1135 1622
1136 1214
1137 1272
1138 1377
1139 1460
1140 1533
1141 1550
1142 1598
1143 2205
1144 1719
1145 1723
1146 2340
1147 1464
1148 2010
1149 2030
1150 2106
1151 2120
1152 1746
1153 1347
1154 1433
1155 1518
1156 1525
1157 1611
1158 1710
1159 0839
1160 0921
1161 0965
1162 1115
1163 1203
1164 1234
1165 1242
1166 1286
1167 1417
1168 1518
1169 1495
1170 2087
1171 1211
1172 1745
1173 1799
1174 1904
1175 1515
1176 2082
1177 1301
1178 1256
1179 1333
1180 1419
1181 1519
1182 1583
1183 1643
1184 1704
1185 0889
1186 0946
1187 1038
1188 1055
1189 1207
1190 1299
1191 1307
1192 1735
1193 1358
1194 1411
1195 1531
1196 1536
1197 1626
1198 1696
1199 1390
1200 1884
1201 1158
1202 2030
1203 2079
1204 1236
1205 1222
1206 1837
1207 1438
1208 1555
1209 1589
1210 1654
1211 1704
1212 1318
1213 1823
1214 0960
1215 1062
1216 1097
1217 1184
1218 1244
1219 1268
1220 1349
1221 1321
1222 1366
1223 1473
1224 1577
1225 1673
1226 1678
1227 1764
1228 1881
1229 1894
1230 1991
1231 1568
1232 2081
1233 1253
1234 1260
1235 1341
1236 1422
1237 1690
1238 1559
1239 2114
1240 0869
1241 1816
1242 0940
1243 1098
1244 1512
1245 1178
1246 1261
1247 1277
1248 1468
1249 1355
1250 1417
1251 1536
1252 1621
1253 5045
1254 3121
1255 1580
1256 2015
1257 1104
1258 2537
1259 2069
1260 1737
1261 1233
1262 1370
1263 1424
1264 1415
1265 1462
1266 1489
1267 1597
1268 1715
1269 0856
1270 0856
1271 1925
1272 1113
1273 1162
1274 1184
1275 1187
1276 1224
1277 1260
1278 1396
1279 1473
1280 1554
1281 1615
1282 1697
1283 1224
1284 2250
1285 1789
1286 1792
1287 1896
1288 2001
1289 1266
1290 2076
1291 2641
1292 2180
1293 1272
1294 1383
1295 1398
1296 1465
1297 1614
1298 1690
1299 1721
1300 1758
1301 0910
1302 0965
1303 0945
1304 1454
1305 1125
1306 1614
1307 1249
1308 2232
1309 1230
1310 1385
1311 2004
1312 1443
1313 1550
1314 1641
1315 1767
1316 1901
1317 1810
1318 1035
1319 1981
1320 2071
1321 2104
1322 2178
1323 2127
1324 1782
1325 1289
1326 1986
1327 1389
1328 1432
1329 1545
1330 1640
1331 1732
1332 0812
1333 1297
1334 1959
1335 1036
1336 1125
1337 1096
1338 1196
1339 1308
1340 1309
1341 1322
1342 1910
1343 1470
1344 1562
1345 1659
1346 1639
1347 1268
1348 1796
1349 1312
1350 1999
1351 1191
1352 1202
1353 1718
1354 1241
1355 1392
1356 1478
1357 1537
1358 2120
1359 1786
1360 1715
1361 0863
1362 0989
1363 1690
1364 1711
1365 1241
1366 1072
1367 1889
1368 1064
1369 1148
1370 1550
1371 1188
1372 1250
1373 1236
1374 1295
1375 1403
1376 1490
1377 2049
1378 1655
1379 1703
1380 0885
1381 1848
1382 1895
1383 1510
1384 2035
1385 1220
1386 1289
1387 2185
1388 1830
1389 1402
1390 1903
1391 1556
1392 1757
1393 1668
1394 1266
1395 1034
1396 1935
1397 1948
1398 1210
1399 1255
1400 1267
1401 1279
1402 1352
1403 1464
1404 1478
1405 1631
1406 1631
1407 1668
1408 1326
1409 1894
1410 1072
1411 1946
1412 2566
1413 2153
1414 1234
1415 1294
1416 1361
1417 1454
1418 1486
1419 1531
1420 1627
1421 1737
1422 0993
1423 0983
1424 1003
1425 1057
1426 1142
1427 1278
1428 1364
1429 1307
1430 1792
1431 1352
1432 1513
1433 1537
1434 1608
1435 1638
1436 1711
1437 1363
1438 1844
1439 1304
1440 2062
1441 1130
1442 1205
1443 2704
1444 1986
1445 1673
1446 1432
1447 2012
1448 1567
1449 1569
1450 1644
1451 1700
1452 1785
1453 0925
1454 0975
1455 1468
1456 1099
1457 1606
1458 1254
1459 2166
1460 1753
1461 1297
1462 1440
1463 1469
1464 1597
1465 1657
1466 1651
1467 1768
1468 1813
1469 1868
1470 1924
1471 3307
1472 1365
1473 2137
1474 1365
1475 1261
1476 1364
1477 1425
1478 1498
1479 1593
1480 2177
1481 0909
1482 1367
1483 1855
1484 1018
1485 1973
1486 2054
1487 1259
1488 1303
1489 1341
1490 1437
1491 1522
1492 1605
1493 1616
1494 0863
1495 0877
1496 1515
1497 2608
1498 1282
1499 1087
1500 2620
1501 1284
1502 1316
1503 1225
1504 1848
1505 1418
1506 1512
1507 1546
1508 1572
1509 1695
1510 1755
1511 1740
1512 1823
1513 1863
1514 1495
1515 1956
1516 1190
1517 2682
1518 1750
1519 1361
1520 1404
1521 1453
1522 1528
1523 1589
1524 1741
1525 1714
1526 1748
1527 1353
1528 0945
1529 1983
1530 1094
1531 1596
1532 1177
1533 1238
1534 1692
1535 1340
1536 1430
1537 1485
1538 1473
1539 2116
1540 1657
1541 1725
1542 2316
1543 1863
1544 1985
1545 1974
1546 2139
1547 1222
1548 1260
1549 1362
1550 1461
1551 1549
1552 1524
1553 1590
1554 1249
1555 0826
1556 1754
1557 1743
1558 0891
1559 1084
1560 1513
1561 1172
1562 2177
1563 1244
1564 1352
1565 1394
1566 1582
1567 1565
1568 2426
1569 1725
1570 1824
1571 1942
1572 1973
1573 2043
1574 2126
1575 1246
1576 1309
1577 1351
1578 1477
1579 1564
1580 1634
1581 1720
1582 1801
1583 0934
1584 1006
1585 1107
1586 1552
1587 1285
1588 1225
1589 1814
1590 1442
1591 1464
1592 1546
1593 1600
1594 1668
1595 1810
1596 1863
1597 1940
1598 2061
1599 2283
1600 1211
1601 1274
1602 1381
1603 1481
1604 1471
1605 1535
1606 1645
1607 1753
1608 0879
1609 0998
1610 0993
1611 1085
1612 1231
1613 1283
1614 1228
1615 1821
1616 1382
1617 2001
1618 1474
1619 1475
1620 1530
1621 1641
1622 1641
1623 1787
1624 2360
1625 1939
1626 1988
1627 2018
1628 2156
1629 1238
1630 1339
1631 1325
1632 1453
1633 1530
1634 1656
1635 1634
1636 1703
1637 1308
1638 0998
1639 1987
1640 1096
1641 1565
1642 1224
1643 2756
1644 1807
1645 1347
1646 1390
1647 1482
1648 1606
1649 1637
1650 1679
1651 1978
1652 1851
1653 1866
1654 1451
1655 2039
1656 2106
1657 4576
1658 2634
1659 1626
1660 1835
1661 1971
1662 1508
1663 1543
1664 1657
1665 0826
1666 2288
1667 1932
1668 1931
1669 1924
1670 1570
1671 2142
1672 1212
1673 1331
1674 1383
1675 1424
1676 1550
1677 1578
1678 1700
1679 0814
1680 1319
1681 1904
1682 1915
1683 1533
1684 1292
1685 2236
1686 1261
1687 1821
1688 1385
1689 1488
1690 1600
1691 2155
1692 1314
1693 1798
1694 0982
1695 1046
1696 2014
1697 2132
1698 2148
1699 1281
1700 1861
1701 1505
1702 1515
1703 1816
1704 1695
1705 1298
1706 0862
1707 1896
1708 1001
1709 1151
1710 1157
1711 1145
1712 1214
1713 1259
1714 1249
1715 1317
1716 1327
1717 1351
1718 1386
1719 1428
1720 1456
1721 2076
1722 1642
1723 1723
1724 1789
1725 1866
1726 2500
1727 1626
1728 2135
1729 1236
1730 1325
1731 1377
1732 1067
1733 1553
1734 1640
1735 1756
1736 0880
1737 0869
1738 1015
1739 1019
1740 1124
1741 1214
1742 1256
1743 1253
1744 1896
1745 1487
1746 1505
1747 1536
1748 1648
1749 1709
1750 0938
1751 2389
1752 1971
1753 2597
1754 2128
1755 1446
1756 1354
1757 1925
1758 1514
1759 2088
1760 0839
1761 1697
1762 1818
1763 1021
1764 1153
1765 1047
1766 1117
1767 1261
1768 1290
1769 1289
1770 1359
1771 1452
1772 1613
1773 2510
1774 1257
1775 1739
1776 1833
1777 1979
1778 1981
1779 2066
1780 2432
1781 2222
1782 1839
1783 1417
1784 1462
1785 1512
1786 1640
1787 0807
1788 1789
1789 1826
1790 1013
1791 1175
1792 1228
1793 1238
1794 1779
1795 1397
1796 1440
1797 1540
1798 1580
1799 2115
1800 1243
1801 1806
1802 1035
1803 1918
1804 1998
1805 2618
1806 1208
1807 1880
1808 1297
1809 1347
1810 1470
1811 1534
1812 1587
1813 1641
1814 1826
1815 0950
1816 0975
1817 1008
1818 1086
1819 1168
1820 1262
1821 1297
1822 1287
1823 1802
1824 2010
1825 1470
1826 1532
1827 1632
1828 1728
1829 1708
1830 1776
1831 1804
1832 2401
1833 1949
1834 1974
1835 2146
1836 2718
1837 1822
1838 1321
1839 1392
1840 1493
1841 1529
1842 1640
1843 1707
1844 0848
1845 0916
1846 1855
1847 1010
1848 1185
1849 1121
1850 1334
1851 1300
1852 1271
1853 1317
1854 1414
1855 1919
1856 1580
1857 1605
1858 1701
1859 1805
1860 2319
1861 1360
1862 2019
1863 1160
1864 1222
1865 1586
1866 2156
1867 1271
1868 1270
1869 1381
1870 1424
1871 1494
1872 1610
1873 1621
1874 1743
1875 1432
1876 2124
1877 1233
1878 1465
1879 1604
1880 1067
1881 1099
1882 2138
1883 2125
1884 1237
1885 1262
1886 1884
1887 1491
1888 1533
1889 1641
1890 1696
1891 0852
1892 0896
1893 1926
1894 1090
1895 1179
1896 1183
1897 1701
1898 1310
1899 1301
1900 1449
1901 1525
1902 1568
1903 1603
1904 1660
1905 2202
1906 1783
1907 1828
1908 1869
1909 1418
1910 2146
1911 1109
1912 2112
1913 2098
1914 1254
1915 1742
1916 1346
1917 1384
1918 1436
1919 0983
1920 1478
1921 1493
1922 1639
1923 1676
1924 0827
1925 0891
1926 1028
1927 1096
1928 1165
1929 1603
1930 1269
1931 1754
1932 1337
1933 1422
1934 1523
1935 1591
1936 1639
1937 1701
1938 1817
1939 1836
1940 1883
1941 2214
1942 2033
1943 2115
1944 2171
1945 1224
1946 1359
1947 1439
1948 1528
1949 1614
1950 1692
1951 1659
1952 1721
1953 0904
1954 0900
1955 1481
1956 1132
1957 2106
1958 1214
1959 1234
1960 1320
1961 1358
1962 1604
1963 1505
1964 1581
1965 1647
1966 0819
1967 1869
1968 1905
1969 2046
1970 2092
1971 2670
1972 1777
1973 1287
1974 1817
1975 1469
1976 1495
1977 1577
1978 1608
1979 1264
1980 1714
1981 0936
1982 0949
1983 0987
1984 1074
1985 1229
1986 1261
1987 1208
1988 1251
1989 1303
1990 1383
1991 1476
1992 1479
1993 1237
1994 2201
1995 1787
1996 1822
1997 1880
1998 1942
1999 2023
2000 2130
2001 2214
2002 1295
2003 1328
2004 1451
2005 1513
2006 1521
2007 1657
2008 1681
2009 0825
2010 0900
2011 1384
2012 1089
2013 2066
2014 1306
2015 1394
2016 1214
2017 1326
2018 1375
2019 1473
2020 1496
2021 1632
2022 1673
2023 1775
2024 1820
2025 1850
2026 1484
2027 1995
2028 1133
2029 1282
2030 2708
2031 1253
2032 1336
2033 1439
2034 1444
2035 1547
2036 1664
2037 1713
2038 0853
2039 0880
2040 0975
2041 1078
2042 1149
2043 1221
2044 1240
2045 1293
2046 1352
2047 1407
2048 1439
2049 1006
2050 1659
2051 1652
2052 1724
2053 1367
2054 1918
2055 1130
2056 1121
2057 1458
2058 1241
2059 1301
2060 1357
2061 1461
2062 1491
2063 1615
2064 1633
2065 1714
2066 1100
2067 0945
2068 0993
2069 1085
2070 1136
2071 1586
2072 1221
2073 2268
2074 1290
2075 1313
2076 1471
2077 1760
2078 1612
2079 2167
2080 0820
2081 1747
2082 1966
2083 1983
2084 1935
2085 2029
2086 1380
2087 2156
2088 1276
2089 1301
2090 1391
2091 1475
2092 4842
2093 2923
2094 1444
2095 2198
2096 2293
2097 1771
2098 1883
2099 1921
2100 2527
2101 1639
2102 1218
2103 1231
2104 1339
2105 1402
2106 1451
2107 1451
2108 1143
2109 1658
2110 1719
2111 0850
2112 0829
2113 1854
2114 2452
2115 1590
2116 1191
2117 1213
2118 1191
2119 1273
2120 1364
2121 1445
2122 1475
2123 1545
2124 1638
2125 1765
2126 1733
2127 1831
2128 1468
2129 1998
2130 1172
2131 2672
2132 1261
2133 1521
2134 1338
2135 1978
2136 1900
2137 1646
2138 1735
2139 1728
2140 0878
2141 1880
2142 0970
2143 1181
2144 1146
2145 1225
2146 1262
2147 1243
2148 1315
2149 1341
2150 1974
2151 1536
2152 1947
2153 1698
2154 1705
2155 2279
2156 1388
2157 1831
2158 1000
2159 1081
2160 1569
2161 2068
2162 1195
2163 1709
2164 1237
2165 1341
2166 1311
2167 1463
2168 1494
2169 1748
2170 1605
2171 1712
2172 1715
2173 0876
2174 0912
2175 1004
2176 1041
2177 1076
2178 1563
2179 1594
2180 1208
2181 1840
2182 1379
2183 1592
2184 1542
2185 1536
2186 1618
2187 1671
2188 1748
2189 1367
2190 1913
2191 1945
2192 2005
2193 2534
2194 1358
2195 1236
2196 1286
2197 1406
2198 1473
2199 1499
2200 1534
2201 1598
2202 1661
2203 1731
2204 1175
2205 0867
2206 1472
2207 0994
2208 1430
2209 1064
2210 1126
2211 1252
2212 1307
2213 1330
2214 1384
2215 1405
2216 1478
2217 1488
2218 2133
2219 1617
2220 1243
2221 1804
2222 0915
2223 0958
2224 1908
2225 1958
2226 1961
2227 1955
2228 1998
2229 2082
2230 2101
2231 2152
2232 1229
2233 1322
2234 1296
2235 1387
2236 1419
2237 1508
2238 1519
2239 1508
2240 1523
2241 1164
2242 1693
2243 0854
2244 0916
2245 1918
2246 1954
2247 1085
2248 1264
2249 1272
2250 1258
2251 1276
2252 1356
2253 1454
2254 1535
2255 1586
2256 1609
2257 1676
2258 1812
2259 1860
2260 1942
2261 2052
2262 2077
2263 2171
2264 1243
2265 1323
2266 1412
2267 1513
2268 1586
2269 1624
2270 1983
2271 0873
2272 2003
2273 1012
2274 1093
2275 1185
2276 1284
2277 1259
2278 1331
2279 1621
2280 1533
2281 1584
2282 1590
2283 1683
2284 1807
2285 1900
2286 2003
2287 2040
2288 2044
2289 2120
2290 2167
2291 2198
2292 1525
2293 1447
2294 1992
2295 1599
2296 1665
2297 1651
2298 1255
2299 0901
2300 1431
2301 0998
2302 1995
2303 1139
2304 1440
2305 1243
2306 1324
2307 1337
2308 1516
2309 4890
2310 2958
2311 1456
2312 2116
2313 1727
2314 1699
2315 1777
2316 1379
2317 1020
2318 2003
2319 1197
2320 1301
2321 1284
2322 1290
2323 1624
2324 1676
2325 1483
2326 2085
2327 2210
2328 1736
2329 1787
2330 1889
2331 2466
2332 1568
2333 2105
2334 2197
2335 1270
2336 1881
2337 1409
2338 1378
2339 1466
2340 1600
2341 1633
2342 1704
2343 1310
2344 0982
2345 2258
2346 1110
2347 1192
2348 1516
2349 1223
2350 1299
2351 1385
2352 1425
2353 1599
2354 1692
2355 1747
2356 1797
2357 2178
2358 1952
2359 2000
2360 2033
2361 2545
2362 2154
2363 1285
2364 1348
2365 1403
2366 1508
2367 1540
2368 1663
2369 1726
2370 0853
2371 1650
2372 2217
2373 0862
2374 1870
2375 1015
2376 1342
2377 1155
2378 1215
2379 1251
2380 1240
2381 1375
2382 1400
2383 1503
2384 1532
2385 1525
2386 1645
2387 1745
2388 1771
2389 2117
2390 1836
2391 2451
2392 1987
2393 2079
2394 2156
2395 1282
2396 1884
2397 1516
2398 1492
2399 1606
2400 1703
2401 1763
2402 0926
2403 1019
2404 1042
2405 1139
2406 1240
2407 1257
2408 1301
2409 1300
2410 1378
2411 1429
2412 1475
2413 1556
2414 2138
2415 1236
2416 1787
2417 1800
2418 1938
2419 2005
2420 2014
2421 1655
2422 2174
2423 1329
2424 1256
2425 1242
2426 1363
2427 1457
2428 1538
2429 1595
2430 1691
2431 1717
2432 1307
2433 0982
2434 1457
2435 1144
2436 2100
2437 1249
2438 1232
2439 1360
2440 1907
2441 1477
2442 1582
2443 1651
2444 1696
2445 1745
2446 1344
2447 1857
2448 1050
2449 1987
2450 2053
2451 1618
2452 2173
2453 1259
2454 1312
2455 1383
2456 1423
2457 1524
2458 1580
2459 1630
2460 1734
2461 1797
2462 0951
2463 0991
2464 1066
2465 1548
2466 1238
2467 2201
2468 1240
2469 1786
2470 1291
2471 1363
2472 1358
2473 1954
2474 1578
2475 1645
2476 1688
2477 1722
2478 2323
2479 1426
2480 2475
2481 1149
2482 2114
2483 2161
2484 1258
2485 1305
2486 1430
2487 1460
2488 1593
2489 1640
2490 1724
2491 0867
2492 1362
2493 1023
2494 1997
2495 1182
2496 1327
2497 1207
2498 1307
2499 1787
2500 1473
2501 2049
2502 1633
2503 1221
2504 1806
2505 0940
2506 1012
2507 1982
2508 2102
2509 2125
2510 1218
2511 1330
2512 1361
2513 1492
2514 1555
2515 1612
2516 1668
2517 0827
2518 0948
2519 0952
2520 1511
2521 1138
2522 2506
2523 1291
2524 1296
2525 1344
2526 1435
2527 3986
2528 2067
2529 1746
2530 1792
2531 1052
2532 1146
2533 1501
2534 1179
2535 1195
2536 1218
2537 1569
2538 1426
2539 1479
2540 1619
2541 1651
2542 1691
2543 1331
2544 1365
2545 1971
2546 1163
2547 1147
2548 2187
2549 1274
2550 1836
2551 1344
2552 1421
2553 1504
2554 1616
2555 2059
2556 1702
2557 1824
2558 0968
2559 1174
2560 1086
2561 1215
2562 1265
2563 1275
2564 1895
2565 1428
2566 1497
2567 1546
2568 1659
2569 1677
2570 1808
2571 1813
2572 2470
2573 1998
2574 2072
2575 2116
2576 1237
2577 1361
2578 1417
2579 1482
2580 1530
2581 1657
2582 0819
2583 0885
2584 1877
2585 0995
2586 1506
2587 1140
2588 2149
2589 1311
2590 1765
2591 1311
2592 1366
2593 1466
2594 1525
2595 1642
2596 1272
2597 1794
2598 0980
2599 2312
2600 2087
2601 2165
2602 1228
2603 1269
2604 0972
2605 1460
2606 1400
2607 1319
2608 1462
2609 1549
2610 1606
2611 1636
2612 1694
2613 0858
2614 0986
2615 0999
2616 1045
2617 1104
2618 1251
2619 1193
2620 1798
2621 1328
2622 1445
2623 1567
2624 1589
2625 1630
2626 0820
2627 1822
2628 1470
2629 2137
2630 1204
2631 2689
2632 1287
2633 1378
2634 1465
2635 1660
2636 1599
2637 1704
2638 0835
2639 0892
2640 1386
2641 1061
2642 2580
2643 1181
2644 1258
2645 1288
2646 1377
2647 1439
2648 2042
2649 1605
2650 1700
2651 1820
2652 0926
2653 1432
2654 1964
2655 1207
2656 1206
2657 1284
2658 1234
2659 1337
2660 1384
2661 1475
2662 1631
2663 1610
2664 1663
2665 1253
2666 0954
2667 1897
2668 1052
2669 1230
2670 1663
2671 1711
2672 1317
2673 1388
2674 1497
2675 1543
2676 1605
2677 1763
2678 2310
2679 1871
2680 1911
2681 1227
2682 2009
2683 1652
2684 1224
2685 1299
2686 1352
2687 1579
2688 1515
2689 1518
2690 1204
2691 1730
2692 0838
2693 1346
2694 1005
2695 2000
2696 1520
2697 1321
2698 1236
2699 1810
2700 1379
2701 1464
2702 1543
2703 1559
2704 2125
2705 1722
2706 1817
2707 1826
2708 1967
2709 2067
2710 1659
2711 1228
2712 1246
2713 1370
2714 1412
2715 1503
2716 1558
2717 1560
2718 1701
2719 0878
2720 0889
2721 0998
2722 0994
2723 1116
2724 1257
2725 1288
2726 1299
2727 1307
2728 1981
2729 1529
2730 1595
2731 1685
2732 2268
2733 1785
2734 1874
2735 1569
2736 1996
2737 1432
2738 1240
2739 1491
2740 1368
2741 1496
2742 1066
2743 1614
2744 1732
2745 4174
2746 2257
2747 1316
2748 1991
2749 1156
2750 1243
2751 1696
2752 1356
2753 1440
2754 1454
2755 1531
2756 1627
2757 1666
2758 1262
2759 0910
2760 1872
2761 1238
2762 1564
2763 2181
2764 2181
2765 1781
2766 1311
2767 1427
2768 1493
2769 1506
2770 1555
2771 2188
2772 1642
2773 1764
2774 1807
2775 1666
2776 1900
2777 0986
2778 2435
2779 2019
2780 2080
2781 1208
2782 1255
2783 1264
2784 1377
2785 1870
2786 1049
2787 1599
2788 1694
2789 1766
2790 1197
2791 1124
2792 0995
2793 1164
2794 1196
2795 1291
2796 1259
2797 1315
2798 1890
2799 1472
2800 1528
2801 1628
2802 1670
2803 1747
2804 1794
2805 1857
2806 1880
2807 2001
2808 2074
2809 2204
2810 1776
2811 1308
2812 1368
2813 1441
2814 1473
2815 1571
2816 1664
2817 1717
2818 0860
2819 0930
2820 1855
2821 0980
2822 1272
2823 1177
2824 1232
2825 1244
2826 1807
2827 1839
2828 1444
2829 1553
2830 1663
2831 1670
2832 1772
2833 1806
2834 1892
2835 1973
2836 1238
2837 2106
2838 1731
2839 1342
2840 1379
2841 1515
2842 1561
2843 0838
2844 1213
2845 1812
2846 1910
2847 1074
2848 1084
2849 1603
2850 1217
2851 1275
2852 1329
2853 1432
2854 1481
2855 1588
2856 2148
2857 0830
2858 1811
2859 1925
2860 1987
2861 2011
2862 2092
2863 1248
2864 1284
2865 1321
2866 1000
2867 1530
2868 1555
2869 1670
2870 1729
2871 0906
2872 1435
2873 1027
2874 1996
2875 1143
2876 1288
2877 1193
2878 1547
2879 1317
2880 1413
2881 1485
2882 1702
2883 1687
2884 1691
2885 2267
2886 1387
2887 1930
2888 1112
2889 1164
2890 1689
2891 1248
2892 1338
2893 1395
2894 1098
2895 1570
2896 1669
2897 0858
2898 1142
2899 0969
2900 1090
2901 1536
2902 1243
2903 1261
2904 1216
2905 1281
2906 1929
2907 1819
2908 1459
2909 1547
2910 1661
2911 1672
2912 1734
2913 1883
2914 1936
2915 1554
2916 2065
2917 1185
2918 2197
2919 1230
2920 1363
2921 1368
2922 2205
2923 1553
2924 1685
2925 1696
2926 1709
2927 1262
2928 0980
2929 1457
2930 1080
2931 2099
2932 1267
2933 1371
2934 1279
2935 1274
2936 1326
2937 1310
2938 1403
2939 1489
2940 1580
2941 2146
2942 1723
2943 1743
2944 1416
2945 2257
2946 1112
2947 2147
2948 1232
2949 1280
2950 1405
2951 1590
2952 1582
2953 1665
2954 1657
2955 0875
2956 0862
2957 1861
2958 1270
2959 1211
2960 2685
2961 1249
2962 1307
2963 1065
2964 1850
2965 0969
2966 2132
2967 1677
2968 1789
2969 0947
2970 1021
2971 1082
2972 1189
2973 1232
2974 1229
2975 1345
2976 1419
2977 1446
2978 1966
2979 1597
2980 1624
2981 1742
2982 2305
2983 1904
2984 1991
2985 2019
2986 2135
2987 2196
2988 1284
2989 1322
2990 0927
2991 1426
2992 1110
2993 1610
2994 0865
2995 1704
2996 1294
2997 0894
2998 1349
2999 0984
3000 1119
3001 1154
3002 1255
3003 1241
3004 1848
3005 1379
3006 1465
3007 1564
3008 1546
3009 1635
3010 1683
3011 1745
3012 1826
3013 1870
3014 1899
3015 1994
3016 2052
3017 1652
3018 1281
3019 1276
3020 1435
3021 1490
3022 1585
3023 1660
3024 1672
3025 0858
3026 0946
3027 1018
3028 1045
3029 1113
3030 1203
3031 1224
3032 1202
3033 1253
3034 1329
3035 1415
3036 1548
3037 1581
3038 1631
3039 1752
3040 1731
3041 1816
3042 1872
3043 1922
3044 1516
3045 2534
3046 1649
3047 2227
3048 1362
3049 1390
3050 1611
3051 1500
3052 1977
3053 1527
3054 1695
3055 1721
3056 1783
3057 0894
3058 1012
3059 1121
3060 1130
3061 1296
3062 1237
3063 1242
3064 1340
3065 1361
3066 1965
3067 1558
3068 1617
3069 1663
3070 1720
3071 1810
3072 1875
3073 1936
3074 1988
3075 2036
3076 2126
3077 1747
3078 1338
3079 1397
3080 1416
3081 1540
3082 1577
3083 1601
3084 1681
3085 1282
3086 0936
3087 1929
3088 1067
3089 1299
3090 1213
3091 1177
3092 1284
3093 1261
3094 1269
3095 1335
3096 1397
3097 1466
3098 1523
3099 2117
3100 1658
3101 1747
3102 1754
3103 2376
3104 1924
3105 1510
3106 2043
3107 1181
3108 1339
3109 1300
3110 1867
3111 1400
3112 1448
3113 1571
3114 1605
3115 1675
3116 0867
3117 0982
3118 1979
3119 1089
3120 1180
3121 1125
3122 1202
3123 1235
3124 1302
3125 1349
3126 1408
3127 1428
3128 2096
3129 1558
3130 1637
3131 1772
3132 1861
3133 1904
3134 1934
3135 1534
3136 2099
3137 1272
3138 1233
3139 1277
3140 1342
3141 1455
3142 1505
3143 1621
3144 1680
3145 1737
3146 1718
3147 0861
3148 0904
3149 0976
3150 1433
3151 1092
3152 2051
3153 1212
3154 1346
3155 1203
3156 1518
3157 1341
3158 1879
3159 1619
3160 1526
3161 2062
3162 1574
3163 2166
3164 1735
3165 1810
3166 1843
3167 1850
3168 1492
3169 2011
3170 1209
3171 2608
3172 1586
3173 1326
3174 1339
3175 1370
3176 1464
3177 1539
3178 1608
3179 1720
3180 4017
3181 2095
3182 1219
3183 1967
3184 2071
3185 2120
3186 2321
3187 1252
3188 1355
3189 1398
3190 1462
3191 1500
3192 1598
3193 1657
3194 1674
3195 1660
3196 1761
3197 0869
3198 0860
3199 0876
3200 1853
3201 1442
3202 1183
3203 1572
3204 1278
3205 1448
3206 1281
3207 1839
3208 1455
3209 1980
3210 1577
3211 1616
3212 1712
3213 1267
3214 1817
3215 0982
3216 2422
3217 1500
3218 2169
3219 1211
3220 1190
3221 1793
3222 1323
3223 1381
3224 1387
3225 1503
3226 1576
3227 1647
3228 1676
3229 1661
3230 0862
3231 0905
3232 0986
3233 1115
3234 1196
3235 1186
3236 1397
3237 1318
3238 1351
3239 1414
3240 1526
3241 1616
3242 1650
3243 2236
3244 1810
3245 1889
3246 1488
3247 1971
3248 1133
3249 1241
3250 2247
3251 1592
3252 1403
3253 1480
3254 1489
3255 1595
3256 1595
3257 0980
3258 0865
3259 0907
3260 1442
3261 1179
3262 2080
3263 1660
3264 1251
3265 1346
3266 1415
3267 2026
3268 1511
3269 1622
3270 1688
3271 1823
3272 1908
3273 1945
3274 2017
3275 2101
3276 2726
3277 1300
3278 1328
3279 1402
3280 1531
3281 1557
3282 1671
3283 0827
3284 0913
3285 0956
3286 1439
3287 1090
3288 2115
3289 1203
3290 1253
3291 1833
3292 1452
3293 1495
3294 2087
3295 1202
3296 1277
3297 1799
3298 1478
3299 1028
3300 1133
3301 2122
3302 1754
3303 1355
3304 1407
3305 1422
3306 1153
3307 1616
3308 1651
3309 0947
3310 0916
3311 0971
3312 1074
3313 1140
3314 1215
3315 1423
3316 1251
3317 1341
3318 1453
3319 1530
3320 1528
3321 1625
3322 1617
3323 1725
3324 1842
3325 1892
3326 1977
3327 2020
3328 1657
3329 1249
3330 1317
3331 1366
3332 1432
3333 1450
3334 1001
3335 1642
3336 1669
3337 1700
3338 0850
3339 0931
3340 1017
3341 1059
3342 1510
3343 1150
3344 2211
3345 1315
3346 1269
3347 1394
3348 1487
3349 1527
3350 1640
3351 1701
3352 2262
3353 1359
3354 1952
3355 1098
3356 1125
3357 2092
3358 1722
3359 1248
3360 1389
3361 1403
3362 1448
3363 0918
3364 1662
3365 1706
3366 1756
3367 1268
3368 1012
3369 2483
3370 1554
3371 1603
3372 2278
3373 2195
3374 1255
3375 1410
3376 1436
3377 1472
3378 1516
3379 1535
3380 1660
3381 3197
3382 1750
3383 1816
3384 2068
3385 1951
3386 2080
3387 2106
3388 1203
3389 1718
3390 1417
3391 1503
3392 1606
3393 1622
3394 1100
3395 0878
3396 1355
3397 0958
3398 3328
3399 1413
3400 2193
3401 1216
3402 1246
3403 1379
3404 1508
3405 1578
3406 1618
3407 1654
3408 1796
3409 2310
3410 1865
3411 1979
3412 1090
3413 2055
3414 2163
3415 1775
3416 1345
3417 1451
3418 1476
3419 1606
3420 1662
3421 0827
3422 0893
3423 1900
3424 1074
3425 1264
3426 1223
3427 1292
3428 1324
3429 1422
3430 1417
3431 2032
3432 1617
3433 1991
3434 1747
3435 1805
3436 2410
3437 1512
3438 2011
3439 1190
3440 1223
3441 1290
3442 1905
3443 1443
3444 1378
3445 1483
3446 1541
3447 1876
3448 1931
3449 2557
3450 2162
3451 1258
3452 1322
3453 1311
3454 0973
3455 1450
3456 1580
3457 1604
3458 1670
3459 0815
3460 0885
3461 1894
3462 1045
3463 1194
3464 1274
3465 1281
3466 1322
3467 1370
3468 1964
3469 1565
3470 1620
3471 1648
3472 1729
3473 1793
3474 0932
3475 1457
3476 1989
3477 1627
3478 2192
3479 1298
3480 1320
3481 1379
3482 1427
3483 1534
3484 1625
3485 1760
3486 1068
3487 0936
3488 1026
3489 1093
3490 1128
3491 1196
3492 1201
3493 1278
3494 1423
3495 1464
3496 1552
3497 2129
3498 1243
3499 1736
3500 0922
3501 1925
3502 1975
3503 1637
3504 2174
3505 1281
3506 1264
3507 1579
3508 1499
3509 1506
3510 1632
3511 1685
3512 0857
3513 1275
3514 1388
3515 1410
3516 1681
3517 1537
3518 1657
3519 1752
3520 0885
3521 1011
3522 1065
3523 1127
3524 1654
3525 1304
3526 1273
3527 1338
3528 1467
3529 1580
3530 1644
3531 1633
3532 1693
3533 1328
3534 1892
3535 1054
3536 2006
3537 2114
3538 1264
3539 1802
3540 1323
3541 1448
3542 1526
3543 1650
3544 1687
3545 0854
3546 0870
3547 1143
3548 1095
3549 1195
3550 1227
3551 1728
3552 1301
3553 1358
3554 1424
3555 1555
3556 1558
3557 2003
3558 1702
3559 1739
3560 1451
3561 1882
3562 1950
3563 2043
3564 1650
3565 1235
3566 1295
3567 1375
3568 1484
3569 1526
3570 1650
3571 1708
3572 0856
3573 1338
3574 1032
3575 1986
3576 1203
3577 1345
3578 1265
3579 1255
3580 1386
3581 1465
3582 1487
3583 1617
3584 1738
3585 1777
3586 2357
3587 1978
3588 1991
3589 2641
3590 1242
3591 1290
3592 1352
3593 1467
3594 1562
3595 1608
3596 1735
3597 0836
3598 0921
3599 1387
3600 1105
3601 1808
3602 1390
3603 1467
3604 1426
3605 1524
3606 1582
3607 1141
3608 0869
3609 0906
3610 0949
3611 1095
3612 1149
3613 1115
3614 1138
3615 3434
3616 1497
3617 1248
3618 1340
3619 1577
3620 1425
3621 2048
3622 1587
3623 1656
3624 1760
3625 1825
3626 2418
3627 1913
3628 2519
3629 2076
3630 2143
3631 2165
3632 1264
3633 1305
3634 1437
3635 1456
3636 1143
3637 1525
3638 1514
3639 1589
3640 1657
3641 1676
3642 1705
3643 0869
3644 1774
3645 1352
3646 1478
3647 1513
3648 1618
3649 1705
3650 0864
3651 0996
3652 1433
3653 1092
3654 1990
3655 1077
3656 1243
3657 1244
3658 1283
3659 1286
3660 1335
3661 1455
3662 2065
3663 1654
3664 1669
3665 1282
3666 0888
3667 0974
3668 1979
3669 1988
3670 2272
3671 1222
3672 1221
3673 1832
3674 1436
3675 1464
3676 1565
3677 1632
3678 1730
3679 0826
3680 1374
3681 2314
3682 2034
3683 1181
3684 1362
3685 1277
3686 1866
3687 1421
3688 1507
3689 1603
3690 0801
3691 1742
3692 1376
3693 1884
3694 1980
3695 2114
3696 2117
3697 1214
3698 1338
3699 1959
3700 1511
3701 1561
3702 1597
3703 1694
3704 0856
3705 0894
3706 1134
3707 1056
3708 1124
3709 1241
3710 1240
3711 1302
3712 1393
3713 1476
3714 2029
3715 1598
3716 1693
3717 1715
3718 1777
3719 1415
3720 1911
3721 1096
3722 1178
3723 2270
3724 1322
3725 1357
3726 1477
3727 1536
3728 1660
3729 1681
3730 1726
3731 0891
3732 1027
3733 1069
3734 1169
3735 1215
3736 1224
3737 1822
3738 1890
3739 1482
3740 1515
3741 1594
3742 1266
3743 1742
3744 1356
3745 1923
3746 1133
3747 1205
3748 2203
3749 1763
3750 1323
3751 1656
3752 1491
3753 1486
3754 1490
3755 2108
3756 1668
3757 0826
3758 0896
3759 1912
3760 1105
3761 1572
3762 1239
3763 2756
3764 1310
3765 1375
3766 1428
3767 1520
3768 1609
3769 1691
3770 1783
3771 1823
3772 1884
3773 2002
3774 2297
3775 1210
3776 1301
3777 1332
3778 1437
3779 1487
3780 1532
3781 1690
3782 0857
3783 0903
3784 1947
3785 1081
3786 1210
3787 1641
3788 1244
3789 1278
3790 1375
3791 1499
3792 1513
3793 1565
3794 1218
3795 1747
3796 1819
3797 1931
3798 2532
3799 2085
3800 2144
3801 1783
3802 1352
3803 1429
3804 1490
3805 1613
3806 1662
3807 0832
3808 0921
3809 1889
3810 1113
3811 1278
3812 1256
3813 1844
3814 1272
3815 1786
3816 1488
3817 1582
3818 1626
3819 1242
3820 1783
3821 1303
3822 1964
3823 1118
3824 1177
3825 1666
3826 1261
3827 1362
3828 1405
3829 1482
3830 1500
3831 1568
3832 1117
3833 2994
3834 1515
3835 1293
3836 1421
3837 2003
3838 2321
3839 1107
3840 1153
3841 1216
3842 1183
3843 1255
3844 1381
3845 1716
3846 1485
3847 2111
3848 1217
3849 1776
3850 1768
3851 1248
3852 1993
3853 1131
3854 1642
3855 2083
3856 1273
3857 1246
3858 1730
3859 1372
3860 1408
3861 1102
3862 1590
3863 1704
3864 0829
3865 0896
3866 0950
3867 1019
3868 1524
3869 1135
3870 2092
3871 1213
3872 1245
3873 1233
3874 1317
3875 1281
3876 1378
3877 1412
3878 2113
3879 1506
3880 1595
3881 1677
3882 1737
3883 1862
3884 2406
3885 1985
3886 1956
3887 1475
3888 2114
3889 1731
3890 1277
3891 1877
3892 1427
3893 1464
3894 1480
3895 1469
3896 1523
3897 1194
3898 1791
3899 1729
3900 0900
3901 0890
3902 0968
3903 1481
3904 1094
3905 2053
3906 1141
3907 1280
3908 1263
3909 1328
3910 1762
3911 1349
3912 1432
3913 1466
3914 1539
3915 1566
3916 1662
3917 2012
3918 1814
3919 1787
3920 1881
3921 1469
3922 2009
3923 1194
3924 2121
3925 2174
3926 1235
3927 1308
3928 1351
3929 1403
3930 1446
3931 1591
3932 1657
3933 1669
3934 1251
3935 0925
3936 1944
3937 1065
3938 1131
3939 1513
3940 1123
3941 2500
3942 1202
3943 1195
3944 1278
3945 1268
3946 1238
3947 1301
3948 1344
3949 1387
3950 1429
3951 1526
3952 1529
3953 1615
3954 1673
3955 1735
3956 1720
3957 1329
3958 1841
3959 1247
3960 1949
3961 1981
3962 1137
3963 2061
3964 2186
3965 1262
3966 1862
3967 1437
3968 1535
3969 1555
3970 1623
3971 1707
3972 0883
3973 0930
3974 1217
3975 1070
3976 1110
3977 1214
3978 1692
3979 1245
3980 1331
3981 1564
3982 1416
3983 1459
3984 2082
3985 1603
3986 1739
3987 1810
3988 1859
3989 2563
3990 2015
3991 2074
3992 2223
3993 1246
3994 1348
3995 1441
3996 1523
3997 1559
3998 1648
3999 1721
4000 0880
4001 1006
4002 1022
4003 1114
4004 1176
4005 1262
4006 1591
4007 1195
4008 1647
4009 1214
4010 1261
4011 1853
4012 1448
4013 1502
4014 2127
4015 1666
4016 1731
4017 1346
4018 1900
4019 1021
4020 1048
4021 2063
4022 2095
4023 1759
4024 2226
4025 1304
4026 1426
4027 1462
4028 1601
4029 1675
4030 1704
4031 0921
4032 0929
4033 1201
4034 1045
4035 1559
4036 1215
4037 2210
4038 1211
4039 1845
4040 1387
4041 1500
4042 1546
4043 1675
4044 1681
4045 1477
4046 2026
4047 1643
4048 1860
4049 4187
4050 2250
4051 1225
4052 1963
4053 2498
4054 1579
4055 1206
4056 1210
4057 1308
4058 1341
4059 1410
4060 1518
4061 1514
4062 1627
4063 1673
4064 1812
4065 1813
4066 1896
4067 1950
4068 2000
4069 1638
4070 2163
4071 1291
4072 1320
4073 1891
4074 1475
4075 1539
4076 1595
4077 1690
4078 1739
4079 1156
4080 0971
4081 0964
4082 1096
4083 1140
4084 1204
4085 1209
4086 1227
4087 1291
4088 1412
4089 1444
4090 1532
4091 1620
4092 1690
4093 2253
4094 1355
4095 1884
4096 1056
4097 1115
4098 2039
4099 1232
4100 1272
4101 1313
4102 0989
4103 1505
4104 1523
4105 1611
4106 1694
4107 0847
4108 1004
4109 0903
4110 1011
4111 1471
4112 1149
4113 2119
4114 1280
4115 1245
4116 1329
4117 1328
4118 1441
4119 1511
4120 1656
4121 1689
4122 1378
4123 1753
4124 0934
4125 1950
4126 1999
4127 1180
4128 2114
4129 2194
4130 1315
4131 1391
4132 1424
4133 1516
4134 1172
4135 1710
4136 0880
4137 0950
4138 1033
4139 1110
4140 1188
4141 1206
4142 1242
4143 1256
4144 1312
4145 1270
4146 1352
4147 1456
4148 1518
4149 1512
4150 1594
4151 1674
4152 2243
4153 1714
4154 1711
4155 1822
4156 1870
4157 1884
4158 1490
4159 2048
4160 2102
4161 1202
4162 1309
4163 1362
4164 1470
4165 1482
4166 1516
4167 1626
4168 1655
4169 1784
4170 0835
4171 0899
4172 1940
4173 1114
4174 1290
4175 1132
4176 1156
4177 1267
4178 1303
4179 1246
4180 1842
4181 1357
4182 1390
4183 1435
4184 1615
4185 1597
4186 1683
4187 1739
4188 1782
4189 2124
4190 1893
4191 1515
4192 2124
4193 1198
4194 1260
4195 1295
4196 1375
4197 1472
4198 1588
4199 1608
4200 1302
4201 1763
4202 0911
4203 0989
4204 1037
4205 1111
4206 1615
4207 1267
4208 1272
4209 1347
4210 1407
4211 1468
4212 1551
4213 1554
4214 1689
4215 1803
4216 1871
4217 1927
4218 1984
4219 2062
4220 2120
4221 1252
4222 1298
4223 1319
4224 1425
4225 1506
4226 1629
4227 1547
4228 1450
4229 1478
4230 1542
4231 1246
4232 1733
4233 0901
4234 0952
4235 1036
4236 1038
4237 1121
4238 1079
4239 1611
4240 1198
4241 1247
4242 1310
4243 1443
4244 1461
4245 1563
4246 1515
4247 1580
4248 1714
4249 1754
4250 2357
4251 1458
4252 1939
4253 1128
4254 2112
4255 2125
4256 1211
4257 1713
4258 1306
4259 1611
4260 1378
4261 1936
4262 1493
4263 1561
4264 1523
4265 1553
4266 1250
4267 1986
4268 1097
4269 1300
4270 1905
4271 1019
4272 1029
4273 2005
4274 2040
4275 1638
4276 1295
4277 1782
4278 1300
4279 1634
4280 1380
4281 1427
4282 1546
4283 1514
4284 1559
4285 1572
4286 1592
4287 1737
4288 1628
4289 1741
4290 1750
4291 1078
4292 0977
4293 1008
4294 1008
4295 1081
4296 1069
4297 1128
4298 1120
4299 1244
4300 1239
4301 1223
4302 1751
4303 1329
4304 1886
4305 1375
4306 1447
4307 1540
4308 1559
4309 1593
4310 1685
4311 1718
4312 1897
4313 1900
4314 2366
4315 1392
4316 1978
4317 1603
4318 1221
4319 2070
4320 2149
4321 1738
4322 1284
4323 1370
4324 1257
4325 1291
4326 1345
4327 1395
4328 1452
4329 1504
4330 1549
4331 1597
4332 1687
4333 1679
4334 1259
4335 0855
4336 1881
4337 0960
4338 1030
4339 1066
4340 1476
4341 1096
4342 1234
4343 1211
4344 1238
4345 1809
4346 1910
4347 1454
4348 1522
4349 1175
4350 1694
4351 1657
4352 1401
4353 1406
4354 1546
4355 1528
4356 1691
4357 1716
4358 1310
4359 1800
4360 1998
4361 1978
4362 2098
4363 2064
4364 1739
4365 2189
4366 1303
4367 1391
4368 1432
4369 1518
4370 1635
4371 1669
4372 0838
4373 0958
4374 1020
4375 1061
4376 1063
4377 1167
4378 1693
4379 1737
4380 1803
4381 0934
4382 0936
4383 1435
4384 1059
4385 1123
4386 1245
4387 1231
4388 1209
4389 1314
4390 1404
4391 1501
4392 1542
4393 1771
4394 1653
4395 1755
4396 1813
4397 1894
4398 2493
4399 1567
4400 2103
4401 1254
4402 1229
4403 1299
4404 1341
4405 1444
4406 0857
4407 1564
4408 1615
4409 1727
4410 1811
4411 0966
4412 1106
4413 1477
4414 1153
4415 2099
4416 1263
4417 1269
4418 1344
4419 1423
4420 1464
4421 2022
4422 1607
4423 1680
4424 2238
4425 1345
4426 1837
4427 1423
4428 1968
4429 1088
4430 1127
4431 2336
4432 1285
4433 1319
4434 1367
4435 1401
4436 1048
4437 1515
4438 1621
4439 1606
4440 1654
4441 1771
4442 0936
4443 0928
4444 1025
4445 1678
4446 1165
4447 2149
4448 1190
4449 1238
4450 1344
4451 1418
4452 1479
4453 1585
4454 1612
4455 1673
4456 1742
4457 2257
4458 1363
4459 1889
4460 1054
4461 1983
4462 2044
4463 1602
4464 2029
4465 1140
4466 2053
4467 2128
4468 2159
4469 1278
4470 1210
4471 1253
4472 1314
4473 1399
4474 1495
4475 1512
4476 1658
4477 2110
4478 0872
4479 1891
4480 1004
4481 1088
4482 3252
4483 1318
4484 2196
4485 1336
4486 1277
4487 1346
4488 1382
4489 1479
4490 1701
4491 1651
4492 2148
4493 1637
4494 1714
4495 1768
4496 2004
4497 1892
4498 1950
4499 1973
4500 2086
4501 2179
4502 1266
4503 1283
4504 1278
4505 1337
4506 1432
4507 1454
4508 1493
4509 1632
4510 1700
4511 0871
4512 0920
4513 0961
4514 1046
4515 1071
4516 1172
4517 1569
4518 1279
4519 1257
4520 1300
4521 1415
4522 2044
4523 1641
4524 1660
4525 1745
4526 1697
4527 1880
4528 1783
4529 1801
4530 2406
4531 1474
4532 1944
4533 2006
4534 1995
4535 1627
4536 2154
4537 1286
4538 1317
4539 1446
4540 1442
4541 1518
4542 1608
4543 1651
4544 1678
4545 0836
4546 0926
4547 1862
4548 1654
4549 1256
4550 2650
4551 1289
4552 1277
4553 1755
4554 1412
4555 1444
4556 1523
4557 1581
4558 1668
4559 2234
4560 0867
4561 1844
4562 1936
4563 1947
4564 2008
4565 1624
4566 2176
4567 1259
4568 1829
4569 1408
4570 1424
4571 1610
4572 1596
4573 1650
4574 0829
4575 0907
4576 2371
4577 1010
4578 1051
4579 1154
4580 1274
4581 1248
4582 1231
4583 1341
4584 1434
4585 1537
4586 1516
4587 2076
4588 1683
4589 1732
4590 1427
4591 1491
4592 1539
4593 1595
4594 1643
4595 1786
4596 1552
4597 2168
4598 1700
4599 1228
4600 1895
4601 1025
4602 1087
4603 2013
4604 2079
4605 1228
4606 1313
4607 1396
4608 1457
4609 1505
4610 1510
4611 1594
4612 1661
4613 1637
4614 1751
4615 0855
4616 0867
4617 1803
4618 0950
4619 1128
4620 1117
4621 1682
4622 1243
4623 2165
4624 1254
4625 1707
4626 1266
4627 1289
4628 1333
4629 1390
4630 1384
4631 1426
4632 1499
4633 1553
4634 1620
4635 1618
4636 2064
4637 1716
4638 1788
4639 1807
4640 1951
4641 1981
4642 2011
4643 2108
4644 2094
4645 2640
4646 1743
4647 1340
4648 1388
4649 1426
4650 1505
4651 1589
4652 1609
4653 1697
4654 1782
4655 0886
4656 1187
4657 1049
4658 1157
4659 1205
4660 1240
4661 1751
4662 1392
4663 1422
4664 1419
4665 1521
4666 1589
4667 1663
4668 1755
4669 1822
4670 1903
4671 2488
4672 2023
4673 2056
4674 2176
4675 1244
4676 1371
4677 1437
4678 1457
4679 1541
4680 1631
4681 1765
4682 0900
4683 0901
4684 1004
4685 1030
4686 1079
4687 1155
4688 1269
4689 1249
4690 1348
4691 1384
4692 1443
4693 1535
4694 1553
4695 1656
4696 2224
4697 2183
4698 4356
4699 2417
4700 1412
4701 2008
4702 2216
4703 1252
4704 1179
4705 1246
4706 1241
4707 1303
4708 1416
4709 1485
4710 1555
4711 2045
4712 2099
4713 1681
4714 2295
4715 1870
4716 1932
4717 1976
4718 2491
4719 2036
4720 2286
4721 1214
4722 1293
4723 1378
4724 1457
4725 1622
4726 1433
4727 1520
4728 1570
4729 1661
4730 1699
4731 0902
4732 0986
4733 1070
4734 1562
4735 1216
4736 1201
4737 1239
4738 1333
4739 1345
4740 1370
4741 1666
4742 1438
4743 2037
4744 1550
4745 1529
4746 1672
4747 1731
4748 2313
4749 1404
4750 1963
4751 1054
4752 2000
4753 2569
4754 1292
4755 1680
4756 1270
4757 1340
4758 1382
4759 1494
4760 1521
4761 1629
4762 2156
4763 0841
4764 1808
4765 1841
4766 0989
4767 1096
4768 1033
4769 1046
4770 1130
4771 1560
4772 1240
4773 2188
4774 1236
4775 1294
4776 1405
4777 1423
4778 1501
4779 1606
4780 1663
4781 1676
4782 1789
4783 1775
4784 1778
4785 1797
4786 1413
4787 1942
4788 1955
4789 2037
4790 2597
4791 2135
4792 1682
4793 1273
4794 1775
4795 1303
4796 1373
4797 1482
4798 1416
4799 1497
4800 1568
4801 1612
4802 1611
4803 1714
4804 1681
4805 1380
4806 0866
4807 1331
4808 0948
4809 1436
4810 1031
4811 2005
4812 1059
4813 1569
4814 1111
4815 2084
4816 1625
4817 1361
4818 1256
4819 1355
4820 1346
4821 1414
4822 1403
4823 2030
4824 1484
4825 1540
4826 1583
4827 1607
4828 2156
4829 1696
4830 1738
4831 2348
4832 1937
4833 1976
4834 2019
4835 1690
4836 1257
4837 1368
4838 1419
4839 1489
4840 1816
4841 1611
4842 1736
4843 1813
4844 0904
4845 1088
4846 1082
4847 1145
4848 1237
4849 1248
4850 1327
4851 1684
4852 1314
4853 1432
4854 1481
4855 1615
4856 1640
4857 1731
4858 1738
4859 1808
4860 1454
4861 1974
4862 1140
4863 2167
4864 1270
4865 1284
4866 1400
4867 1374
4868 1426
4869 1502
4870 1536
4871 1591
4872 1210
4873 0895
4874 1298
4875 0965
4876 1984
4877 1119
4878 1263
4879 1259
4880 1227
4881 1291
4882 1758
4883 1322
4884 1453
4885 1461
4886 1677
4887 1652
4888 1720
4889 1747
4890 2355
4891 1599
4892 1665
4893 1734
4894 2310
4895 1855
4896 1925
4897 1935
4898 1335
4899 2132
4900 1236
4901 1299
4902 1914
4903 1480
4904 1564
4905 1668
4906 0846
4907 0891
4908 2091
4909 1121
4910 1117
4911 1179
4912 1272
4913 1231
4914 4619
4915 2702
4916 1258
4917 2027
4918 1598
4919 1732
4920 1718
4921 1797
4922 1903
4923 1545
4924 2086
4925 1282
4926 1280
4927 1366
4928 1439
4929 1489
4930 1550
4931 1656
4932 0818
4933 0898
4934 1882
4935 1067
4936 1220
4937 1601
4938 1302
4939 1242
4940 1341
4941 1410
4942 1494
4943 1618
4944 2187
4945 1714
4946 1760
4947 1831
4948 1937
4949 1967
4950 1610
4951 2708
4952 1864
4953 1349
4954 1355
4955 1439
4956 1470
4957 1584
4958 1688
4959 1744
4960 0915
4961 1021
4962 1078
4963 1144
4964 1197
4965 1258
4966 1239
4967 1859
4968 1398
4969 1521
4970 1575
4971 1710
4972 1697
4973 2327
4974 1863
4975 1514
4976 2049
4977 1216
4978 1255
4979 1843
4980 1428
4981 1502
4982 1557
4983 1060
4984 1735
4985 0895
4986 0952
4987 1441
4988 1143
4989 2100
4990 1259
4991 1362
4992 1782
4993 1366
4994 1967
4995 1507
4996 1614
4997 1730
4998 1758
4999 1379
5000 1893
Average  1536
Min  0801
Max  5448
END